-0.197613 0.0797738 0.873868 
-0.2036 0.087925 0.87599 
-0.211833 0.0958052 0.878084 
-0.209376 0.0993442 0.878563 
-0.217803 0.107172 0.880476 
-0.212062 0.111899 0.881445 
-0.222234 0.120952 0.883437 
-0.223413 0.121981 0.88365 
-0.169083 0.126271 0.885779 
-0.185605 0.147749 0.885903 
-0.194418 0.156295 0.88715 
-0.164434 0.162277 0.883571 
-0.173972 0.171183 0.884563 
-0.17707 0.174027 0.884841 
-0.12871 0.182912 0.880606 
-0.141033 0.194116 0.881228 
-0.14246 0.195399 0.881276 
-0.14754 0.199946 0.881405 
-0.154794 0.206384 0.881466 
-0.158644 0.209776 0.88144 
-0.128087 0.219858 0.875934 
-0.124882 0.239376 0.872075 
-0.119132 0.254478 0.869019 
-0.132271 0.266206 0.868045 
-0.112948 0.272056 0.865928 
-0.109697 0.288262 0.863364 
-0.109108 0.305448 0.860969 
-0.125544 0.320346 0.859339 
-0.127336 0.321942 0.859158 
-0.0999177 0.329553 0.857193 
-0.101219 0.35041 0.85406 
-0.0978965 0.369165 0.8516 
-0.117684 0.387119 0.849335 
-0.0964333 0.390554 0.848331 
-0.0950606 0.409521 0.845697 
-0.0962549 0.428604 0.843134 
-0.117931 0.44808 0.840938 
-0.120984 0.450753 0.840646 
-0.127401 0.456319 0.84004 
-0.136425 0.464035 0.839203 
-0.144662 0.470971 0.838449 
-0.0989248 0.474934 0.837116 
-0.0869416 0.496113 0.834469 
-0.079722 0.513887 0.832122 
-0.0741743 0.533277 0.829362 
-0.0762391 0.552974 0.826937 
-0.0760532 0.572984 0.824715 
-0.0750157 0.591693 0.822453 
-0.0748231 0.610402 0.820472 
-0.075553 0.628446 0.818719 
-0.0736822 0.645496 0.817444 
-0.0715797 0.663084 0.816693 
-0.0699811 0.680108 0.81637 
-0.0666023 0.695937 0.816417 
-0.0653824 0.711117 0.816824 
-0.0652003 0.725199 0.817628 
-0.093435 0.750342 0.819774 
-0.0690663 0.745842 0.819622 
-0.0729745 0.763497 0.822131 
-0.0996886 0.788134 0.82517 
-0.0709278 0.778351 0.8249 
-0.0682672 0.789456 0.82749 
-0.0665211 0.802013 0.83061 
-0.0659266 0.81426 0.833996 
-0.0669632 0.826519 0.837839 
-0.0698909 0.839022 0.842114 
-0.0713167 0.851605 0.84652 
-0.0736033 0.864161 0.851161 
-0.0961889 0.891151 0.857032 
-0.0782246 0.88039 0.857198 
-0.079657 0.892753 0.862514 
-0.0806554 0.903359 0.867663 
-0.100981 0.930685 0.874688 
-0.103101 0.933533 0.87544 
-0.110142 0.942987 0.877958 
-0.116483 0.951499 0.88025 
-0.0942662 0.934475 0.880908 
-0.0950616 0.946017 0.888483 
-0.0908931 0.951892 0.893829 
-0.106536 0.976615 0.901315 
-0.10834 0.97947 0.902194 
-0.0951113 0.968874 0.903022 
-0.0959836 0.981396 0.910852 
-0.0936586 0.990975 0.917482 
-0.0953263 1.00181 0.924668 
-0.0911151 1.0143 0.932277 
-0.0849578 1.02575 0.941095 
-0.0891563 1.03813 0.949284 
-0.0872314 1.04997 0.957574 
-0.0848797 1.06212 0.966355 
-0.092932 1.08747 0.977414 
-0.0937639 1.09015 0.978597 
-0.083096 1.08183 0.979472 
-0.0794633 1.0962 0.990505 
-0.074753 1.10502 0.99921 
-0.0783981 1.12764 1.00999 
-0.0698346 1.12055 1.01145 
-0.064021 1.13199 1.02175 
-0.0587271 1.14034 1.03079 
-0.0531627 1.14866 1.03966 
-0.0469079 1.15816 1.04911 
-0.0452885 1.178 1.05948 
-0.0374471 1.17557 1.06313 
-0.0242754 1.19356 1.07697 
-0.0218373 1.20222 1.08795 
-0.00878742 1.21365 1.09873 
0.00143371 1.22623 1.11014 
0.0122613 1.24032 1.12259 
0.023196 1.2538 1.13516 
0.0343462 1.2672 1.1482 
0.0449472 1.28071 1.16154 
0.0559114 1.29437 1.17525 
0.0665065 1.30866 1.18966 
0.0775257 1.32286 1.20432 
0.0875172 1.33751 1.21959 
0.0952967 1.35068 1.23463 
0.106604 1.3712 1.24928 
0.107858 1.37348 1.25091 
0.113006 1.38285 1.25762 
0.1168 1.38975 1.26257 
0.112845 1.38161 1.26526 
0.123726 1.39585 1.28101 
0.137213 1.41803 1.29732 
0.138513 1.42016 1.29888 
0.142633 1.42691 1.30379 
0.136861 1.42207 1.30776 
0.146001 1.43551 1.32323 
0.153109 1.44638 1.33582 
0.169825 1.46911 1.35258 
0.171257 1.47103 1.35399 
0.176471 1.47801 1.35906 
0.166736 1.47148 1.36055 
0.177317 1.48594 1.37503 
0.185914 1.49892 1.38668 
0.196342 1.5121 1.39784 
0.205746 1.52565 1.40863 
0.225125 1.54566 1.42241 
0.220065 1.54698 1.42471 
0.24474 1.57133 1.44095 
0.248296 1.57479 1.4432 
0.256895 1.5831 1.44853 
0.262118 1.58811 1.4517 
0.269512 1.59514 1.45608 
0.254419 1.59192 1.45566 
0.262629 1.60562 1.46505 
0.270843 1.61846 1.47354 
0.283622 1.63265 1.48246 
0.305782 1.6505 1.49324 
0.297715 1.64923 1.49256 
0.311418 1.66422 1.50159 
0.321441 1.67663 1.50905 
0.330908 1.68922 1.51687 
0.340798 1.70157 1.5243 
0.35053 1.71618 1.53339 
0.361731 1.73088 1.54236 
0.373089 1.74455 1.55081 
0.382696 1.75742 1.5591 
0.394578 1.77062 1.56737 
0.414954 1.78262 1.57508 
0.407418 1.78545 1.57669 
0.428676 1.79738 1.58446 
0.423715 1.80168 1.58704 
0.436127 1.81517 1.59581 
0.447245 1.82685 1.60351 
0.462052 1.84103 1.61316 
0.475783 1.85434 1.62214 
0.490082 1.86667 1.6306 
0.504906 1.87798 1.63865 
0.526509 1.8913 1.64826 
0.541979 1.90131 1.65543 
0.561066 1.91163 1.66309 
0.57871 1.92042 1.66999 
0.593871 1.92634 1.67709 
0.60895 1.93223 1.68277 
0.624378 1.93859 1.68792 
0.643142 1.94401 1.69307 
0.664534 1.95005 1.69865 
0.686591 1.95396 1.7044 
0.708745 1.95719 1.71008 
0.731104 1.96056 1.71579 
0.756246 1.96242 1.72128 
0.782842 1.96312 1.72666 
0.806289 1.96261 1.73198 
0.830743 1.96136 1.73725 
0.85741 1.96019 1.74223 
0.882886 1.95844 1.74706 
0.919983 1.95296 1.75121 
0.933365 1.95092 1.75264 
0.913539 1.95054 1.75456 
0.962453 1.94171 1.75937 
0.965718 1.94109 1.75967 
0.957705 1.94784 1.75987 
1.00328 1.93898 1.76337 
1.0078 1.93809 1.76368 
1.02186 1.93532 1.76458 
1.08826 1.93052 1.76733 
1.13163 1.92478 1.76907 
1.13731 1.92403 1.76924 
1.00157 2.02792 1.87489 
0.986523 2.00946 1.8507 
1.01085 1.99404 1.83459 
1.03831 1.98125 1.82308 
1.06707 1.97013 1.81488 
1.0975 1.96081 1.80841 
1.12396 1.95276 1.80323 
1.15055 1.94569 1.79909 
1.17916 1.93972 1.79567 
1.20691 1.93485 1.79255 
1.23323 1.93095 1.78958 
1.27745 1.92723 1.78757 
1.32496 1.92624 1.78548 
1.36208 1.92631 1.78372 
1.39774 1.92729 1.78192 
1.44056 1.9275 1.78033 
1.4785 1.9263 1.77909 
1.50887 1.91843 1.77821 
1.51735 1.9161 1.77796 
1.53075 1.9123 1.77756 
1.54035 1.92092 1.77752 
1.57679 1.91825 1.77681 
1.61233 1.91633 1.77638 
1.64483 1.91308 1.77604 
1.67466 1.90826 1.77611 
1.70871 1.90292 1.77642 
1.73671 1.89814 1.77702 
1.76054 1.89364 1.77757 
1.78414 1.88798 1.77809 
1.80735 1.88292 1.7787 
1.83232 1.87702 1.77918 
1.85593 1.86923 1.77947 
1.87775 1.86048 1.78002 
1.89767 1.85234 1.7807 
1.92111 1.84536 1.78165 
1.94791 1.83008 1.78157 
1.95715 1.82467 1.78155 
1.96501 1.82 1.78152 
1.97137 1.81617 1.78148 
1.97574 1.82134 1.78312 
1.99857 1.80997 1.7841 
2.01367 1.8012 1.78492 
2.03507 1.79192 1.78533 
2.05295 1.78312 1.78581 
2.0675 1.77532 1.78597 
2.08056 1.76799 1.7857 
2.09564 1.75925 1.78487 
2.11064 1.74777 1.78372 
2.12313 1.73676 1.78245 
2.13375 1.72508 1.78128 
2.14182 1.71506 1.77996 
2.14784 1.70485 1.77846 
2.15347 1.69234 1.77687 
2.15718 1.68038 1.77514 
2.15859 1.6683 1.77355 
2.15788 1.65583 1.77218 
2.15737 1.6419 1.77045 
2.15676 1.6244 1.76969 
2.15665 1.62276 1.76962 
2.15632 1.61837 1.76944 
2.15495 1.6195 1.76767 
2.15222 1.60459 1.76509 
2.14879 1.58999 1.76273 
2.14359 1.57583 1.76024 
2.13675 1.56031 1.75752 
2.12892 1.54593 1.75501 
2.12167 1.53107 1.7523 
2.11392 1.51533 1.74965 
2.10454 1.49715 1.74608 
2.09279 1.47536 1.74206 
2.08115 1.45404 1.73801 
2.06973 1.42597 1.73527 
2.06782 1.42126 1.73479 
2.06796 1.42634 1.73281 
2.05898 1.40926 1.7289 
2.05233 1.39486 1.72558 
2.04557 1.37902 1.72237 
2.03673 1.36186 1.71888 
2.02684 1.34035 1.71487 
2.01758 1.31516 1.71002 
2.00256 1.2823 1.70618 
2.00103 1.27895 1.70579 
2.00491 1.28114 1.70405 
1.99401 1.25335 1.69912 
1.98325 1.22964 1.69477 
1.97459 1.2073 1.69061 
1.96349 1.18605 1.68635 
1.95424 1.16625 1.68206 
1.94108 1.1439 1.67741 
1.92511 1.1184 1.67296 
1.92417 1.11588 1.67139 
1.90761 1.09222 1.66602 
1.89339 1.07236 1.66094 
1.87825 1.05354 1.65616 
1.86035 1.03362 1.6508 
1.84391 1.01528 1.64569 
1.82683 0.996745 1.64102 
1.81172 0.979792 1.63648 
1.79296 0.961264 1.63147 
1.77597 0.944447 1.62663 
1.75629 0.928993 1.62204 
1.73833 0.914324 1.61762 
1.72139 0.90084 1.61328 
1.70458 0.888626 1.60931 
1.67874 0.869869 1.60478 
1.67144 0.864665 1.60352 
1.66356 0.859099 1.60217 
1.67387 0.865743 1.60214 
1.65598 0.853657 1.59742 
1.63921 0.844951 1.59405 
1.61758 0.834321 1.58956 
1.5841 0.816911 1.58454 
1.58151 0.815596 1.58415 
1.57077 0.810177 1.58256 
1.56265 0.806128 1.58134 
1.58285 0.815425 1.58187 
1.5661 0.808267 1.57774 
1.55014 0.80185 1.57416 
1.5263 0.793399 1.5695 
1.49623 0.783709 1.56398 
1.47076 0.77527 1.55868 
1.44038 0.766328 1.5545 
1.42511 0.762046 1.55245 
1.41809 0.760125 1.55152 
1.42211 0.760788 1.54994 
1.3979 0.754723 1.54469 
1.37385 0.749294 1.53968 
1.35109 0.744851 1.53513 
1.31236 0.738801 1.53039 
1.30583 0.737868 1.52961 
1.31118 0.738176 1.52781 
1.26517 0.732749 1.52243 
1.25759 0.731945 1.52157 
1.24887 0.731049 1.52059 
1.23328 0.729521 1.51885 
1.22218 0.72849 1.5176 
1.20331 0.72684 1.51548 
1.19552 0.726196 1.5146 
1.18767 0.725567 1.5137 
1.16959 0.724197 1.5116 
1.16165 0.723628 1.51066 
1.15369 0.723077 1.5097 
1.20755 0.726663 1.50918 
1.18784 0.727051 1.50437 
1.16732 0.727401 1.50043 
1.14084 0.727964 1.49623 
1.10619 0.728021 1.49141 
1.08121 0.727993 1.48771 
1.05581 0.728814 1.48381 
1.02865 0.730117 1.47972 
0.994385 0.731791 1.47504 
0.957851 0.734428 1.46985 
0.920289 0.73666 1.46499 
0.884637 0.73931 1.46038 
0.850301 0.741894 1.45607 
0.81756 0.745472 1.45175 
0.785451 0.749027 1.44754 
0.753307 0.753153 1.44332 
0.704426 0.762471 1.43789 
0.700421 0.763267 1.43744 
0.709322 0.759908 1.43745 
0.67528 0.765751 1.43285 
0.652674 0.770549 1.42952 
0.627033 0.776014 1.42559 
0.596889 0.783126 1.42106 
0.561038 0.792747 1.41569 
0.518063 0.804294 1.40928 
0.47949 0.815624 1.40306 
0.437878 0.828382 1.39604 
0.397725 0.842955 1.3882 
0.360851 0.856392 1.38107 
0.324099 0.871673 1.37304 
0.293971 0.885624 1.3657 
0.272507 0.897324 1.35934 
0.254115 0.909031 1.35327 
0.238748 0.921243 1.34728 
0.22406 0.934099 1.34099 
0.207948 0.948345 1.33417 
0.196602 0.962021 1.32761 
0.189106 0.975915 1.32088 
0.181913 0.990212 1.31403 
0.178212 1.00345 1.30752 
0.174791 1.01703 1.30097 
0.17409 1.03102 1.29439 
0.174428 1.04497 1.28787 
0.176402 1.0594 1.28135 
0.178134 1.07317 1.27524 
0.181857 1.08994 1.26779 
0.185898 1.1033 1.26172 
0.191665 1.12278 1.25368 
0.197367 1.1344 1.24902 
0.206583 1.14758 1.24401 
0.207172 1.17269 1.23578 
0.217402 1.16622 1.23757 
0.229264 1.18273 1.2322 
0.239445 1.19942 1.22709 
0.25112 1.21688 1.22202 
0.262373 1.23366 1.21748 
0.272648 1.25046 1.2133 
0.286851 1.27078 1.20827 
0.30178 1.29071 1.2037 
0.316235 1.31079 1.19936 
0.329645 1.3298 1.19559 
0.343272 1.34889 1.19215 
0.355892 1.3628 1.18997 
0.371577 1.38455 1.18671 
0.384747 1.39671 1.1849 
0.398691 1.412 1.18262 
0.413099 1.43018 1.18002 
0.430282 1.45287 1.17694 
0.446176 1.47459 1.17454 
0.465526 1.51032 1.17091 
0.46918 1.51712 1.17026 
0.471042 1.51201 1.17148 
0.489092 1.53636 1.1702 
0.501125 1.55366 1.16969 
0.512314 1.57174 1.16953 
0.523735 1.59094 1.16972 
0.534526 1.61167 1.17037 
0.5467 1.63387 1.17116 
0.550683 1.64887 1.17216 
0.556939 1.66503 1.17353 
0.573603 1.69445 1.17437 
0.578433 1.7031 1.17468 
0.568546 1.69431 1.17572 
0.577734 1.71791 1.17777 
0.585651 1.73556 1.17955 
0.593302 1.75328 1.18157 
0.60161 1.77534 1.18401 
0.61029 1.79792 1.1868 
0.618434 1.81916 1.18973 
0.628741 1.8446 1.19372 
0.638629 1.86652 1.19753 
0.647653 1.8888 1.20179 
0.657606 1.91055 1.2066 
0.663357 1.93097 1.21108 
0.669582 1.94863 1.21498 
0.676645 1.96706 1.21926 
0.699879 1.99391 1.22606 
0.703834 1.99837 1.22723 
0.709839 2.00507 1.22901 
0.692431 2.00348 1.22839 
0.701548 2.02345 1.2339 
0.708827 2.03802 1.23816 
0.718502 2.05234 1.2428 
0.727323 2.06604 1.24767 
0.736537 2.08045 1.25377 
0.760948 2.09755 1.26151 
0.767685 2.10203 1.26365 
0.772043 2.10487 1.26503 
0.75354 2.10058 1.26347 
0.783717 2.11813 1.27312 
0.791257 2.12222 1.27556 
0.799658 2.12665 1.27827 
0.807152 2.13048 1.28069 
0.815698 2.13471 1.28344 
0.774245 2.12058 1.27636 
0.806963 2.13375 1.28676 
0.81331 2.13607 1.28879 
0.818781 2.13802 1.29054 
0.824487 2.14 1.29237 
0.837856 2.1444 1.29662 
0.843948 2.1463 1.29855 
0.849527 2.14799 1.30031 
0.785785 2.12829 1.28687 
0.782961 2.12486 1.2882 
0.785939 2.12533 1.29244 
0.793936 2.12686 1.29682 
0.805814 2.12945 1.30248 
0.818796 2.13194 1.3092 
0.835346 2.13494 1.31773 
0.855608 2.13695 1.32808 
0.874987 2.13809 1.33946 
0.903238 2.13544 1.34938 
0.908265 2.13492 1.35116 
0.9073 2.13901 1.35625 
0.925889 2.13956 1.36897 
0.947079 2.14019 1.38188 
0.962491 2.14111 1.39267 
0.978426 2.14182 1.40297 
1.00492 2.13837 1.41249 
1.00856 2.13789 1.41377 
1.00498 2.14194 1.41708 
1.03637 2.13766 1.42811 
1.0266 2.14284 1.42952 
1.04485 2.14283 1.44 
1.0657 2.14305 1.45064 
1.08692 2.14258 1.46123 
1.10627 2.14236 1.47063 
1.12414 2.14195 1.47938 
1.14529 2.1423 1.48731 
1.16601 2.14241 1.49481 
1.1852 2.14176 1.50187 
1.20886 2.14081 1.50956 
1.23354 2.14017 1.5163 
1.26385 2.13443 1.52296 
1.26996 2.13325 1.52423 
1.28022 2.13126 1.52632 
1.29274 2.12881 1.52878 
1.30129 2.12713 1.5304 
1.28709 2.13363 1.52936 
1.30785 2.13261 1.53363 
1.33447 2.13117 1.53753 
1.37281 2.12275 1.54263 
1.37831 2.12154 1.54331 
1.38293 2.12665 1.54367 
1.42006 2.12361 1.54785 
1.46252 2.11474 1.55182 
1.474 2.11236 1.5528 
1.47729 2.11911 1.55343 
1.52484 2.11486 1.55873 
1.56609 2.11732 1.56224 
1.61318 2.11029 1.5652 
1.63209 2.10757 1.5663 
1.63535 2.11342 1.56762 
1.68803 2.10149 1.57271 
1.70523 2.1952 1.60768 
1.72428 2.18084 1.60547 
1.76827 2.16977 1.60406 
1.81671 2.16089 1.60386 
1.86384 2.15501 1.60406 
1.90846 2.15567 1.6076 
1.92347 2.15593 1.60882 
1.94019 2.14924 1.60731 
1.99356 2.14599 1.6097 
2.03386 2.14331 1.61141 
2.07471 2.14195 1.61321 
2.1132 2.14098 1.61545 
2.14904 2.13812 1.61772 
2.18235 2.13373 1.62041 
2.21711 2.12773 1.62371 
2.25348 2.12435 1.62688 
2.28237 2.12189 1.62956 
2.31144 2.11841 1.63289 
2.34413 2.11278 1.63738 
2.37277 2.10688 1.64167 
2.40081 2.10057 1.64598 
2.42762 2.09333 1.65048 
2.45075 2.08512 1.65525 
2.47182 2.07585 1.66024 
2.49069 2.0672 1.66553 
2.51021 2.05758 1.67096 
2.53393 2.0448 1.67771 
2.55481 2.03166 1.6837 
2.57276 2.0185 1.68978 
2.58703 2.00582 1.69508 
2.60123 1.99348 1.69967 
2.61388 1.97957 1.70421 
2.63305 1.96418 1.70971 
2.63484 1.96269 1.71023 
2.62958 1.96141 1.70989 
2.63927 1.9461 1.71396 
2.65062 1.92879 1.71832 
2.66243 1.91121 1.72205 
2.67108 1.89494 1.72584 
2.68512 1.8765 1.73051 
2.67999 1.8779 1.72944 
2.68602 1.86392 1.73252 
2.69183 1.84965 1.73552 
2.70373 1.82751 1.74081 
2.7046 1.82579 1.74122 
2.6985 1.82813 1.74016 
2.69956 1.81194 1.74356 
2.70021 1.79846 1.74649 
2.7005 1.78088 1.75036 
2.70007 1.76632 1.75361 
2.69817 1.75147 1.75689 
2.69686 1.73622 1.76004 
2.69394 1.71822 1.76376 
2.69544 1.69291 1.76902 
2.6957 1.68634 1.77035 
2.68906 1.68389 1.77113 
2.68881 1.65203 1.7773 
2.68875 1.6498 1.77772 
2.68215 1.64823 1.77877 
2.67766 1.62776 1.78312 
2.67099 1.61076 1.78675 
2.66339 1.59473 1.79029 
2.65711 1.56816 1.79506 
2.65656 1.56599 1.79544 
2.6528 1.57426 1.79453 
2.6423 1.55867 1.79763 
2.63257 1.53266 1.80175 
2.6317 1.53046 1.80208 
2.62804 1.53795 1.80111 
2.6155 1.52451 1.80287 
2.60564 1.51236 1.80408 
2.59261 1.48859 1.80662 
2.58768 1.47985 1.80746 
2.58215 1.48248 1.80622 
2.56112 1.46042 1.80736 
2.54345 1.44384 1.80774 
2.52354 1.41551 1.80969 
2.51536 1.40412 1.81042 
2.51096 1.39807 1.8108 
2.50591 1.4067 1.80923 
2.48196 1.38312 1.80904 
2.46306 1.36869 1.80848 
2.44346 1.35234 1.80764 
2.42432 1.33712 1.80674 
2.40064 1.31924 1.80524 
2.38084 1.30639 1.80363 
2.35782 1.29197 1.80183 
2.33293 1.27324 1.79959 
2.31013 1.25561 1.79708 
2.28749 1.23865 1.79465 
2.25704 1.21121 1.79259 
2.25463 1.20903 1.79242 
2.24734 1.20243 1.79189 
2.25189 1.21117 1.79011 
2.23318 1.19819 1.78703 
2.2149 1.18655 1.78387 
2.1821 1.16005 1.78085 
2.17165 1.15162 1.77986 
2.18433 1.16443 1.77914 
2.16647 1.15355 1.77589 
2.15107 1.14487 1.77271 
2.13439 1.13541 1.76947 
2.11672 1.1265 1.76608 
2.10216 1.11894 1.76281 
2.08898 1.11336 1.75979 
2.07541 1.10673 1.75638 
2.06026 1.099 1.7526 
2.03657 1.08673 1.74689 
2.0148 1.07685 1.74144 
1.99165 1.06429 1.7352 
1.97096 1.05256 1.72884 
1.94548 1.03968 1.72183 
1.92624 1.02851 1.71511 
1.90681 1.01779 1.70829 
1.88958 1.00789 1.70193 
1.875 0.999351 1.6959 
1.86151 0.991424 1.6901 
1.83488 0.980064 1.68379 
1.84618 0.982613 1.68273 
1.81587 0.970489 1.67516 
1.82996 0.972709 1.67376 
1.81557 0.964907 1.66573 
1.7853 0.954598 1.65723 
1.78209 0.953524 1.65631 
1.77686 0.951774 1.65481 
1.76427 0.947588 1.65113 
1.8006 0.95556 1.65459 
1.79476 0.951944 1.64806 
1.76476 0.944738 1.63889 
1.78501 0.947858 1.64134 
1.77547 0.944541 1.63557 
1.76968 0.941589 1.63099 
1.74088 0.937655 1.62247 
1.73425 0.936809 1.62054 
1.72853 0.936095 1.61888 
1.73781 0.929764 1.6148 
1.70987 0.926717 1.60649 
1.7077 0.926499 1.60585 
1.70178 0.925918 1.60411 
1.69442 0.925222 1.60193 
1.71562 0.920461 1.60051 
1.68544 0.918665 1.59134 
1.68164 0.918488 1.5902 
1.70038 0.914426 1.5909 
1.69271 0.91033 1.58525 
1.66975 0.910379 1.57807 
1.68178 0.906521 1.57836 
1.652 0.907434 1.56882 
1.64689 0.907657 1.56717 
1.66324 0.902949 1.56872 
1.65164 0.90043 1.56234 
1.64025 0.897938 1.55701 
1.61469 0.893155 1.54693 
1.59447 0.888317 1.53712 
1.57318 0.883605 1.52685 
1.55357 0.87889 1.51745 
1.54007 0.874509 1.51001 
1.51819 0.877566 1.5032 
1.5112 0.878573 1.50107 
1.51391 0.870354 1.49795 
1.49683 0.866432 1.48896 
1.48274 0.862863 1.48159 
1.46825 0.859704 1.47458 
1.45046 0.856345 1.46728 
1.43282 0.853635 1.46072 
1.41685 0.851338 1.45459 
1.39662 0.849351 1.4476 
1.37585 0.847258 1.44143 
1.35404 0.845441 1.43484 
1.33263 0.849959 1.42986 
1.32884 0.843511 1.42812 
1.30471 0.841631 1.42256 
1.27954 0.840702 1.41689 
1.25082 0.841315 1.41082 
1.22315 0.847959 1.40524 
1.21476 0.850075 1.40358 
1.20465 0.844869 1.40142 
1.17135 0.846938 1.39467 
1.14511 0.84819 1.3895 
1.11898 0.849959 1.38458 
1.09295 0.852532 1.37983 
1.06257 0.861968 1.37446 
1.06623 0.856031 1.3747 
1.04087 0.859702 1.36985 
1.01054 0.864884 1.36439 
0.98804 0.868852 1.35998 
0.964944 0.873061 1.35575 
0.940318 0.881917 1.35168 
0.937798 0.882838 1.35126 
0.929167 0.880171 1.34937 
0.903578 0.885989 1.34415 
0.876966 0.895572 1.33984 
0.868705 0.891943 1.33802 
0.835173 0.898842 1.33208 
0.801184 0.90463 1.32651 
0.767421 0.910279 1.3213 
0.736737 0.915274 1.31648 
0.70729 0.921595 1.31178 
0.680048 0.927458 1.30761 
0.6532 0.933207 1.30382 
0.625872 0.939219 1.30008 
0.599797 0.944952 1.29654 
0.57239 0.949061 1.29334 
0.548579 0.952398 1.29036 
0.52296 0.956472 1.28704 
0.48971 0.963389 1.28288 
0.457212 0.968724 1.27901 
0.428365 0.972417 1.2758 
0.400819 0.975503 1.27284 
0.375697 0.978741 1.26992 
0.350577 0.98184 1.26724 
0.325455 0.985056 1.26447 
0.303027 0.987855 1.26203 
0.279718 0.990556 1.25979 
0.257788 0.993552 1.2575 
0.227248 0.995785 1.25489 
0.209373 1.00161 1.2531 
0.203887 0.997106 1.25235 
0.185709 1.00304 1.25048 
0.177696 0.999049 1.24955 
0.159727 1.00494 1.24763 
0.157586 1.00565 1.2474 
0.149962 1.00398 1.24611 
0.12675 1.00833 1.24292 
0.108841 1.01127 1.24055 
0.0893653 1.01509 1.23823 
0.0659569 1.01852 1.23606 
0.0474836 1.02212 1.23387 
0.0309857 1.02456 1.23202 
0.01396 1.02731 1.23009 
0.00184054 1.03031 1.22799 
-0.0119215 1.03405 1.22564 
-0.022565 1.0405 1.22367 
-0.0251121 1.04216 1.22316 
-0.0226702 1.04428 1.22164 
-0.0335612 1.05275 1.21887 
-0.0366573 1.05549 1.21796 
-0.0548841 1.05776 1.21473 
-0.0738157 1.06786 1.20903 
-0.0790276 1.07443 1.20653 
-0.0811536 1.07752 1.20534 
-0.0668597 1.07755 1.20566 
-0.0714219 1.08489 1.20274 
-0.0737141 1.09271 1.19954 
-0.0715174 1.09222 1.1997 
-0.0726953 1.10039 1.1963 
-0.072839 1.10246 1.19543 
-0.0729514 1.10645 1.19375 
