0.003720102419965 -0.000313092765791 1.539666077119250
0.007975661297464 -0.003506477840341 1.539830443968139
0.000000000000000 0.000000000000000 0.000000000000000
0.013733399466568 -0.001174558060030 1.540658080740744
0.000000000000000 0.000000000000000 0.000000000000000
0.015299711442064 -0.004474169658858 1.542002744488869
0.000000000000000 0.000000000000000 0.000000000000000
0.000000000000000 0.000000000000000 0.000000000000000
0.005537825940219 0.011948066017645 1.541543585873460
0.078390457654375 0.029144065148180 1.537556046953179
0.000000000000000 0.000000000000000 0.000000000000000
0.042694210993768 0.025824173846374 1.536367741047262
0.000000000000000 0.000000000000000 0.000000000000000
0.000000000000000 0.000000000000000 0.000000000000000
0.047000006869461 0.018638865772359 1.538193396325646
0.000000000000000 0.000000000000000 0.000000000000000
0.000000000000000 0.000000000000000 0.000000000000000
0.000000000000000 0.000000000000000 0.000000000000000
0.000000000000000 0.000000000000000 0.000000000000000
0.000000000000000 0.000000000000000 0.000000000000000
0.047013069823630 0.010760405805360 1.539782465227345
0.043773658543829 0.011977374401721 1.540251979250223
0.040675654561580 0.019658354635235 1.541127501128956
0.000000000000000 0.000000000000000 0.000000000000000
0.041413204364008 0.028013994327904 1.542537356187963
0.042579031020153 0.036708030877791 1.541857348521175
0.040494899561988 0.049053136337680 1.539976710604858
0.000000000000000 0.000000000000000 0.000000000000000
0.000000000000000 0.000000000000000 0.000000000000000
0.041095290215511 0.056828970074809 1.544034683295394
0.034979244632497 0.068461215729694 1.541665807581087
0.035105326699198 0.067108305688726 1.539346389235387
0.000000000000000 0.000000000000000 0.000000000000000
0.026206842827270 0.076927517475668 1.537750581209806
0.022090000727664 0.077508879087940 1.534862061374855
0.015015074404540 0.079538498507194 1.530868912417740
0.000000000000000 0.000000000000000 0.000000000000000
0.000000000000000 0.000000000000000 0.000000000000000
0.000000000000000 0.000000000000000 0.000000000000000
0.000000000000000 0.000000000000000 0.000000000000000
0.000000000000000 0.000000000000000 0.000000000000000
0.007729493101466 0.092148089613545 1.527097022263792
0.003492742459064 0.091772052803592 1.524576955206071
0.000119270702505 0.090863652585284 1.521758866167165
-0.011207824809485 0.085843851392922 1.522478250056159
-0.016781346511345 0.083105484060053 1.519838163640550
-0.017624321268567 0.077800340529377 1.518065358628304
-0.023418279613646 0.081365521397974 1.517680095270515
-0.023147664095967 0.078571837840649 1.517569372223343
-0.023434212570623 0.076176507087581 1.516235471269946
-0.023026948748843 0.073696682062062 1.516116794060221
-0.021758190978223 0.072424391337810 1.516187237930551
-0.022897102989473 0.068523572176554 1.516789383726504
-0.023359307039887 0.063436783128108 1.517984966574349
-0.023412363555264 0.059856750777297 1.518716190525298
-0.028237163448723 0.057192893534149 1.520745240565711
0.000000000000000 0.000000000000000 0.000000000000000
-0.018735989980021 0.045907750488864 1.522799111588116
-0.012196037083217 0.040853393877105 1.523400633133636
0.000000000000000 0.000000000000000 0.000000000000000
-0.004947609490969 0.033386223056804 1.524708162183509
-0.002085430807761 0.028863561571896 1.525818802336157
0.001963174618385 0.023568382402884 1.527122455766290
0.005378744412085 0.021025950118562 1.528480039482747
0.009439151310932 0.021034330856136 1.529181612177399
0.011833419206211 0.020974311538883 1.529575105929343
0.013326039183159 0.021312130948428 1.530726790050539
0.012795870325756 0.022376181401170 1.531344556671604
0.000000000000000 0.000000000000000 0.000000000000000
0.012850282844134 0.023665135536502 1.531546758103112
0.013786561431149 0.022003634654942 1.532079957407443
0.014351541200498 0.020121309227617 1.532648241538086
0.000000000000000 0.000000000000000 0.000000000000000
0.000000000000000 0.000000000000000 0.000000000000000
0.000000000000000 0.000000000000000 0.000000000000000
0.000000000000000 0.000000000000000 0.000000000000000
0.011143162105256 0.017062780741423 1.530299642152547
0.011798960907316 0.013229866885561 1.529245039722622
0.011232252072071 0.008321040544989 1.529784463584394
0.000000000000000 0.000000000000000 0.000000000000000
0.000000000000000 0.000000000000000 0.000000000000000
0.008117020952378 0.007844819378016 1.528927963967717
0.010008471719052 0.004328001846244 1.528845254022858
0.011513070547799 0.000935880386653 1.529618565460286
0.008967489776873 0.001732114428371 1.528745618560746
0.011178100769737 -0.008618460671595 1.531042772350193
0.001734368244784 -0.011101799907594 1.535420014585564
0.003712379936256 -0.016497293360758 1.531285983171493
0.002282821563796 -0.021421508981545 1.530796584538212
0.001623356215749 -0.028221527104014 1.530440780915277
0.000000000000000 0.000000000000000 0.000000000000000
0.000000000000000 0.000000000000000 0.000000000000000
0.000922840284600 -0.035951688250668 1.529642948697709
-0.000872453917073 -0.040990998451376 1.528755385846798
-0.001322828319148 -0.046132640798891 1.527761514283115
0.000000000000000 0.000000000000000 0.000000000000000
-0.000680902898257 -0.048991630400393 1.526987249445285
-0.000671618899319 -0.050599911754013 1.526037210272396
-0.002129263922355 -0.048122012134881 1.525420263167575
-0.000791571187654 -0.047345316115125 1.525113508231807
0.001035714981455 -0.047777957251967 1.524751620481735
0.000000000000000 0.000000000000000 0.000000000000000
0.004364864046822 -0.043442434571490 1.524718925433140
0.010286556853260 -0.039549672578643 1.525784740752564
-0.002063872835601 -0.015875351041701 1.523069214016314
0.010060237255382 -0.014123673308203 1.526797840406930
0.012952447551630 -0.014195899787129 1.526840506799965
0.018441254127903 -0.013923556475074 1.527108324307012
0.019585169012376 -0.009215550035487 1.527028101667490
0.021006522569491 -0.006347613948629 1.527204961190641
0.021873481920912 -0.001280040984572 1.527356568570807
0.022128343207061 0.002683391059019 1.527908485775340
0.022430815956640 0.009250166382276 1.527783080688202
0.021320900543211 0.017058190526196 1.528522757179441
0.019936242388339 0.021041149381561 1.528471540220038
0.014627614834460 0.024473308833899 1.527211177800029
0.000000000000000 0.000000000000000 0.000000000000000
0.000000000000000 0.000000000000000 0.000000000000000
0.000000000000000 0.000000000000000 0.000000000000000
0.000000000000000 0.000000000000000 0.000000000000000
0.010111380846838 0.019602971501792 1.526864903643174
0.011541613174908 0.012149761316472 1.527579586765400
0.000000000000000 0.000000000000000 0.000000000000000
0.000000000000000 0.000000000000000 0.000000000000000
0.000000000000000 0.000000000000000 0.000000000000000
0.003133519230218 0.005346000759573 1.525991374122198
0.001327322230982 0.002097677443632 1.525338645368249
-0.000931575461539 0.000541660441466 1.525079313410375
0.000000000000000 0.000000000000000 0.000000000000000
0.000000000000000 0.000000000000000 0.000000000000000
0.000000000000000 0.000000000000000 0.000000000000000
-0.005580147554579 -0.002358438576339 1.523335095754349
-0.003783235999010 -0.005519239500175 1.522687258029160
-0.000858430584272 -0.006467298274731 1.521624884469853
-0.000920261592013 -0.009735463245256 1.521483214906807
-0.002195670827043 -0.014055516039638 1.521525690347110
0.000000000000000 0.000000000000000 0.000000000000000
-0.003837097874241 -0.012513229654241 1.520748402492548
0.000000000000000 0.000000000000000 0.000000000000000
0.000000000000000 0.000000000000000 0.000000000000000
0.000000000000000 0.000000000000000 0.000000000000000
0.000000000000000 0.000000000000000 0.000000000000000
0.000000000000000 0.000000000000000 0.000000000000000
-0.003475920351309 -0.007187572501396 1.521435650053274
-0.003922675084191 -0.009547962939378 1.521699010112184
-0.004514094056106 -0.011047642699907 1.521424600467161
-0.005106324471962 -0.014978200658091 1.522054360452424
0.000000000000000 0.000000000000000 0.000000000000000
-0.005544227840331 -0.016802357306505 1.522037703914792
-0.005461574963251 -0.017173938458403 1.522445334731180
-0.005263985266318 -0.016428835482069 1.522792502105965
-0.006182290049947 -0.012510489710449 1.522839122041128
-0.006340474446751 -0.008703987004000 1.523225446305239
-0.010471312936850 -0.000572981530374 1.522885961220112
-0.010595284024921 -0.001316881644430 1.523391394115757
-0.011590832620853 -0.004906823936571 1.524169819084721
-0.012337385343799 -0.011011831784057 1.524153085720603
-0.009952787738347 -0.020441428467147 1.524393540242120
0.000000000000000 0.000000000000000 0.000000000000000
-0.010874724408892 -0.032564080440316 1.524859607964792
0.000000000000000 0.000000000000000 0.000000000000000
-0.010736532437804 -0.036793411544198 1.525202709739188
-0.010191483689010 -0.038918581021005 1.525453913874408
-0.009007334932234 -0.040287229448875 1.525642907934989
-0.006864036545704 -0.042500692731984 1.525352983419932
-0.005121120395080 -0.045702592108283 1.525167353097905
-0.008399721338927 -0.052315158820121 1.524707700314678
-0.017135454858210 -0.061967659863902 1.524497643296173
-0.026783225489299 -0.072000099508503 1.524989654304933
-0.036300400339800 -0.082934765185147 1.525154059371536
-0.053920156371286 -0.095876019618607 1.525693714581638
-0.066704854065237 -0.101905533852295 1.525669512183380
-0.084380591663416 -0.104617704608351 1.524553804008840
-0.088314084632160 -0.107037041662451 1.524990581478301
-0.090901921164430 -0.105392999742137 1.525749491904412
-0.098810880052811 -0.102595004966607 1.525850617930918
-0.099709854806714 -0.096831784108057 1.526710011908392
-0.103764958660092 -0.090403641307414 1.527207449920185
-0.102119756978354 -0.087483467432116 1.527205634832239
-0.093390609709887 -0.079223388367761 1.527817925647686
-0.084836263148956 -0.076927156682406 1.527852498876593
-0.073346309431453 -0.070023992848253 1.527849706282468
-0.061806035632690 -0.061622519744083 1.527949351190072
-0.050772928632064 -0.054511042220177 1.527730385648702
-0.039424189263881 -0.048728598986878 1.527581988473327
-0.029546272466709 -0.040800893959853 1.527060084263231
0.000000000000000 0.000000000000000 0.000000000000000
0.000000000000000 0.000000000000000 0.000000000000000
-0.029625807147103 -0.013269827011824 1.525674247016511
0.000000000000000 0.000000000000000 0.000000000000000
0.000000000000000 0.000000000000000 0.000000000000000
-0.009387416247076 -0.022051903505146 1.526175752289452
0.000000000000000 0.000000000000000 0.000000000000000
0.000000000000000 0.000000000000000 0.000000000000000
0.000000000000000 0.000000000000000 0.000000000000000
-0.020329290850425 -0.233056828992261 1.476303816445249
0.000000000000000 0.000000000000000 0.000000000000000
0.000000000000000 0.000000000000000 0.000000000000000
0.197986535002204 0.261605141772276 1.551445926709650
0.008261563927326 0.004463810210620 1.524721515480921
0.007294779699423 0.011372873703226 1.523757885672345
0.010077729227567 0.017509754298232 1.523384614369909
0.013279587485171 0.016501868456458 1.522241468955548
0.014713852318104 0.012677007538082 1.522146842232744
0.015310849958653 0.004584977912894 1.521840953836570
0.015855440342218 -0.001513101927902 1.521501745118724
0.016800618879579 -0.008153998507722 1.521608826746585
0.017319035544662 -0.014488776484345 1.521632049111076
0.016822779206737 -0.018854402413335 1.522171516255507
0.005491484817030 -0.014630965128591 1.522238866849376
-0.007526414496399 -0.008856881308644 1.524424760479663
-0.016130912019498 -0.002345606998702 1.525097442188173
-0.024369967825600 0.002962789576866 1.525596653324786
-0.043482193123412 0.007539734248744 1.526185356373240
-0.054162505891135 0.010076889804150 1.526298731766438
0.000000000000000 0.000000000000000 0.000000000000000
0.000000000000000 0.000000000000000 0.000000000000000
0.000000000000000 0.000000000000000 0.000000000000000
-0.059194949313949 0.010751056908794 1.526412339610829
-0.061805363296644 0.014030272204343 1.526452800438410
-0.056960080448340 0.010735663769278 1.527268809377905
-0.054718886047578 0.011367997237980 1.527880285138534
-0.054678856386285 0.012829406748809 1.527847037552551
-0.048376681148501 0.015246347333686 1.528272489985544
-0.045566252594664 0.014267062300814 1.528674979858047
-0.044920933221398 0.016126712671510 1.528164652931134
-0.047054654724053 0.015995244715506 1.528194737152377
-0.040652452883914 0.018007697239454 1.528178077004647
-0.037466930967682 0.020434423282239 1.528197410464729
-0.037216330242621 0.021384865668226 1.528458266553615
-0.036469688285296 0.023413780339108 1.528117906928812
-0.031639284175924 0.025109666515130 1.527711689430884
-0.021267747391322 0.023941318766345 1.527722042198782
0.000000000000000 0.000000000000000 0.000000000000000
0.000000000000000 0.000000000000000 0.000000000000000
0.000000000000000 0.000000000000000 0.000000000000000
0.000000000000000 0.000000000000000 0.000000000000000
-0.015695245791495 0.037108374892424 1.527657615761925
-0.013713596622522 0.043791491055366 1.527959490967256
-0.010665721022505 0.053354513016320 1.527418163029663
-0.003488137443320 0.068347624059930 1.527528236508851
-0.005570445759149 0.073952620297432 1.527530528316742
-0.005813760253050 0.079711635946967 1.527239076368871
-0.006680829133685 0.085632870164671 1.526908514948409
-0.010615158450617 0.089397478392491 1.527433455999249
-0.016763806985030 0.095380850996798 1.526922858562499
-0.019493646444604 0.097420681948823 1.526435332308741
-0.023628322382201 0.100297459379868 1.526167497026605
-0.023606832953604 0.101726104593603 1.525493265342923
-0.026050333053125 0.101550313166584 1.524886982059335
-0.031655114149475 0.102445800405949 1.524315790880696
-0.034596791336060 0.101497211990051 1.523859472506422
-0.038659983615389 0.100636747797742 1.523421626228200
-0.040392666620884 0.097770262883498 1.522368357303729
-0.041412176782391 0.093969565682949 1.521871402173190
0.000000000000000 0.000000000000000 0.000000000000000
0.000000000000000 0.000000000000000 0.000000000000000
0.000000000000000 0.000000000000000 0.000000000000000
-0.042786271275548 0.081827810737743 1.520797190800962
-0.045078054234508 0.076816262477217 1.520773155100811
-0.045689283041047 0.068127986337452 1.520030671686688
-0.047848653152470 0.059906086392858 1.519917611841884
-0.052170536636838 0.052632856621460 1.519658323136777
-0.053735325646815 0.044600666927740 1.518866923008509
-0.054203496625246 0.038669437106169 1.518970983128872
-0.055944788697976 0.029449871751161 1.518865510570915
-0.056801122997448 0.020324971516056 1.518324235318508
-0.055675163567009 0.012922862763212 1.517841391437370
-0.054699053846411 0.012764494061736 1.517906101506740
0.000000000000000 0.000000000000000 0.000000000000000
0.000000000000000 0.000000000000000 0.000000000000000
-0.052732227119457 0.008904413907038 1.517777526878656
-0.050290068313105 0.008014265064487 1.517933916024015
-0.051442769909544 0.008203797399361 1.518011429762759
-0.049347548313549 0.009377350328206 1.518270998275739
-0.048641174570510 0.010867691051372 1.518160834447728
-0.047706442788039 0.010393633085338 1.518783340738771
-0.045094968958464 0.015093699961280 1.519779855114996
0.000000000000000 0.000000000000000 0.000000000000000
0.000000000000000 0.000000000000000 0.000000000000000
-0.034616503701025 0.018473345590477 1.520011160485989
-0.023643858959379 0.023986768927295 1.521280106578059
-0.008975696802329 0.029599624112079 1.521674411230195
-0.001253157718899 0.032560575088754 1.522058674465490
0.004759283524512 0.036560162547900 1.522375882650188
0.008072220821873 0.038606381256727 1.523011286276349
0.015013143202313 0.040459080017394 1.523496058729485
0.000000000000000 0.000000000000000 0.000000000000000
0.017028547334349 0.040197133021947 1.523778260739049
0.019037828307632 0.039293465336638 1.523045014414691
0.017905291043349 0.041032027749693 1.522850389950055
0.017695590791735 0.040085145804288 1.522682769036014
0.016304525205481 0.042916969530038 1.522368273666060
0.015557460563805 0.041667835453390 1.521715257902705
0.013807420724807 0.041319550764888 1.521133781969455
0.013684963031675 0.041718459414524 1.520573598180098
0.013425634321899 0.047513095678921 1.519657786482860
0.014066003926555 0.048493480082327 1.519271776427388
0.016863765027742 0.051175113503395 1.518069109511329
0.015046491668503 0.051635148124756 1.517623812096306
0.013884317455941 0.052461737986076 1.516422728374164
0.012905038392216 0.055329218478361 1.516077920537390
0.000000000000000 0.000000000000000 0.000000000000000
0.000000000000000 0.000000000000000 0.000000000000000
0.000000000000000 0.000000000000000 0.000000000000000
0.013424567131891 0.054039175221875 1.515081282468088
0.013417636020545 0.054922427909006 1.515106682634132
0.012969054752643 0.056653603312508 1.514345921269301
0.012993025189769 0.056455873668787 1.513719362764352
0.000000000000000 0.000000000000000 0.000000000000000
0.000000000000000 0.000000000000000 0.000000000000000
0.000000000000000 0.000000000000000 0.000000000000000
0.000000000000000 0.000000000000000 0.000000000000000
0.011789452539986 0.055236978140934 1.513412488211776
0.011887418101117 0.055191764924162 1.513195093364854
0.014031324378308 0.054735482522252 1.512709017005220
0.027583972069197 0.054376561627594 1.511905487252411
0.037183304062858 0.055337067274839 1.510741116044765
0.040217737011916 0.053005321807220 1.510455069109844
0.000000000000000 0.000000000000000 0.000000000000000
0.000000000000000 0.000000000000000 0.000000000000000
0.000000000000000 0.000000000000000 0.000000000000000
0.042413886702251 0.053308040167037 1.508692522339080
0.042840848431198 0.051688882565577 1.508690832363980
0.041369622943401 0.053462007216227 1.508645355638038
0.040577613687786 0.053238682492573 1.508408751513341
0.000000000000000 0.000000000000000 0.000000000000000
0.000000000000000 0.000000000000000 0.000000000000000
0.036419805167962 0.057846445910813 1.508598553170964
0.000000000000000 0.000000000000000 0.000000000000000
0.000000000000000 0.000000000000000 0.000000000000000
0.000000000000000 0.000000000000000 0.000000000000000
0.000000000000000 0.000000000000000 0.000000000000000
0.000000000000000 0.000000000000000 0.000000000000000
0.000000000000000 0.000000000000000 0.000000000000000
0.000000000000000 0.000000000000000 0.000000000000000
0.000000000000000 0.000000000000000 0.000000000000000
0.000000000000000 0.000000000000000 0.000000000000000
0.000000000000000 0.000000000000000 0.000000000000000
0.000000000000000 0.000000000000000 0.000000000000000
0.031226824241514 0.069231628823841 1.508006470775605
0.030003579109326 0.070446394248857 1.507513100345802
0.029481935775736 0.070920771615340 1.507036716548113
0.029614163743947 0.072295287976979 1.506784917353913
0.031918892954190 0.075395814153046 1.505195967834984
0.033054593149559 0.074990398870507 1.504206310493168
0.035954315151146 0.074320301506352 1.504077273868502
0.038265540654393 0.076546789036611 1.503451243034925
0.037741563678318 0.078731910825707 1.502598699488302
0.040876914122535 0.079237842776854 1.501770897146096
0.039877304614290 0.078611867215042 1.501249194152787
0.042492453501835 0.077076220137269 1.500692578895767
0.042514644902449 0.074943858763402 1.500286536891829
0.045839837480533 0.066992017550275 1.500590901139517
0.047791408090520 0.057960740208942 1.500782538511603
0.049262214174067 0.046032523794226 1.500967117324968
0.000000000000000 0.000000000000000 0.000000000000000
0.000000000000000 0.000000000000000 0.000000000000000
0.049480327708870 0.031258629582357 1.501057618979894
0.052130914490999 0.019284698081714 1.500224366030755
0.055333877080160 0.001168807247700 1.500317339000377
0.057203157467693 -0.012389355835155 1.501879182631162
0.060295502752932 -0.024729582546011 1.502672238662873
0.062331277533109 -0.028226595839129 1.503356252808400
0.062037775570385 -0.032943046325704 1.503650385237480
0.060488148285788 -0.037612811924585 1.504232512345937
0.053345943046994 -0.056351285871757 1.504634770244291
0.043986933396015 -0.079870817696736 1.505603198921279
0.038904612487732 -0.092595976515726 1.505166422217618
0.025005884130219 -0.115752383138231 1.504763526004020
0.019232852306516 -0.122485399297958 1.504403034310861
0.014091221867104 -0.130612157473039 1.504515024705099
0.012096480101632 -0.137174402300687 1.504085801633393
0.012487250786041 -0.139287154857738 1.504276554717752
0.013946933267439 -0.141345953740001 1.504391754044973
0.014811583415932 -0.138819901300868 1.503927952224401
0.016187472069963 -0.136779404181140 1.503948620501842
0.018495635515579 -0.133961526422456 1.504597804657137
0.019902829606674 -0.127061975685220 1.504656319155590
0.019700580815627 -0.121255958671135 1.504675972962527
0.020957624059183 -0.111305159166317 1.503954722934173
0.024177637890884 -0.105353462935258 1.504274529370263
0.025357160181776 -0.098854185546680 1.504299711688118
0.026778368907413 -0.094007108605340 1.504415776964403
0.026888760081998 -0.089837185644016 1.503917363455051
0.028895556316891 -0.089728940427097 1.503990227820734
0.027292946961028 -0.084178523115486 1.503150673306941
0.028940385525066 -0.080792500294804 1.502973099470493
0.031210167582441 -0.071685934486931 1.502267112476543
0.032869768636579 -0.065380752717400 1.502727957913586
0.000000000000000 0.000000000000000 0.000000000000000
0.033250361987600 -0.055836243168844 1.502845969644637
0.034353112547296 -0.045817428256553 1.503446484878598
0.034345699036747 -0.036355609368005 1.503289115395050
0.034861536875297 -0.031252144678504 1.503485077493693
0.034824633663552 -0.026856707308919 1.503033878953815
0.034455466954853 -0.024378811208915 1.502447506446458
0.032782413034729 -0.019544135460958 1.502485967840421
0.032336228214008 -0.018619754088575 1.502358103737461
0.030341422936375 -0.015954669358691 1.502024820471056
0.028752154921744 -0.014263225838951 1.501250095340078
0.027102914519150 -0.013615237607074 1.500637929881708
0.024362001101628 -0.011746311860515 1.500960997172463
0.025500717569569 -0.012025059055083 1.500776428769688
0.026317625753273 -0.012297113530035 1.501183516223680
0.029077794050625 -0.012106223230422 1.501388773934388
0.020968425557676 -0.005059232126299 1.501488181069655
0.028169386212788 0.006613473712031 1.501336864184681
0.029037779419267 0.014066372991286 1.501179228352106
0.000000000000000 0.000000000000000 0.000000000000000
0.000000000000000 0.000000000000000 0.000000000000000
0.030935161860604 0.028594416406253 1.501036760640407
0.028263179284239 0.034143816731231 1.501796817006735
0.028139437643452 0.038344409096500 1.502016679634841
0.028045069707321 0.043515637624068 1.502102420142401
0.028262117122465 0.047691579456410 1.502197180823940
0.030572689038478 0.049664135391513 1.501501876437483
0.025438105919717 0.051849503156577 1.501725411276212
0.021635639859881 0.057776175317371 1.501238925659865
0.017788605749507 0.052707250097620 1.501428637940852
0.000000000000000 0.000000000000000 0.000000000000000
0.000000000000000 0.000000000000000 0.000000000000000
0.015280629903476 0.045796300330885 1.501783125755062
0.010631114262013 0.039266236867401 1.501684008416807
0.007649995470984 0.027060207135838 1.502126108091867
0.004236942077685 0.018268290423085 1.502150301941600
0.000588234784087 0.005265164196450 1.502369279452735
-0.001652866103286 0.000509022155949 1.502350750204730
-0.002056525865463 -0.002728464761216 1.502036737244577
-0.001786952169975 -0.009402054448906 1.501709618860725
-0.002814622525434 -0.010637025074955 1.501795889851321
-0.005357127273652 -0.012065908166899 1.501656864795033
-0.006322878243441 -0.013323331611017 1.501686870161316
-0.016934792415523 -0.016604103314630 1.501003543740815
-0.022071380296700 -0.020856015084364 1.501517200767254
-0.028630587701996 -0.024792904210418 1.501665358434179
0.000000000000000 0.000000000000000 0.000000000000000
0.000000000000000 0.000000000000000 0.000000000000000
0.000000000000000 0.000000000000000 0.000000000000000
-0.043743920413269 -0.030831856785209 1.501661674112204
-0.052196551274202 -0.032876172179302 1.501085600695827
-0.065371082550264 -0.033270390167924 1.500825770580611
-0.074672084832244 -0.031558748227867 1.500652814238476
-0.079641936863141 -0.028684050482140 1.500618406814628
-0.089256416560313 -0.016770810891580 1.499905644943406
0.000000000000000 0.000000000000000 0.000000000000000
0.000000000000000 0.000000000000000 0.000000000000000
0.000000000000000 0.000000000000000 0.000000000000000
-0.089607152592249 -0.014677662471756 1.500016693909357
0.000000000000000 0.000000000000000 0.000000000000000
0.000000000000000 0.000000000000000 0.000000000000000
0.000000000000000 0.000000000000000 0.000000000000000
0.000000000000000 0.000000000000000 0.000000000000000
0.000000000000000 0.000000000000000 0.000000000000000
-0.089240996230213 -0.013003100243021 1.500114891143228
0.000000000000000 0.000000000000000 0.000000000000000
0.000000000000000 0.000000000000000 0.000000000000000
0.000000000000000 0.000000000000000 0.000000000000000
0.000000000000000 0.000000000000000 0.000000000000000
0.000000000000000 0.000000000000000 0.000000000000000
0.000000000000000 0.000000000000000 0.000000000000000
0.000000000000000 0.000000000000000 0.000000000000000
-0.087267638797873 -0.011057500608262 1.500215366773901
-0.084623877061350 -0.010459946687492 1.499788406965950
-0.077806115819600 -0.013057948980681 1.498092266790013
-0.073673138885700 -0.015980913326028 1.498318572638176
-0.069742406514966 -0.019862077023042 1.498171582544001
-0.067550541364958 -0.022316400942878 1.497757799310600
-0.062749705004592 -0.024434089177988 1.497826845359163
-0.058367888768378 -0.023035373269972 1.497910036995439
-0.030343562238464 -0.023523404775692 1.498221099520864
0.000000000000000 0.000000000000000 0.000000000000000
0.000000000000000 0.000000000000000 0.000000000000000
-0.015832046810366 -0.039434585008445 1.499396434059568
-0.012299423364389 -0.044818614692611 1.499555557990464
-0.010538241103423 -0.056450595978955 1.500006947243324
-0.009994766713605 -0.059023042837915 1.499801192429668
-0.008567539182090 -0.059204262725497 1.499686306300376
0.000000000000000 0.000000000000000 0.000000000000000
0.000000000000000 0.000000000000000 0.000000000000000
-0.007567335818725 -0.057302725469053 1.500398507079816
0.000000000000000 0.000000000000000 0.000000000000000
-0.003050719507475 -0.053453218872390 1.500394039123748
-0.003135258643812 -0.049960913600067 1.500413738264192
-0.004074912866690 -0.050282913194208 1.500645638730944
-0.007382972000167 -0.052773060930169 1.500611248921685
-0.011123374684962 -0.058319133398982 1.500471177757675
-0.014875871041117 -0.063828983096339 1.500204355914648
-0.016897355135327 -0.067957548393894 1.500581232488276
-0.020550596343967 -0.071526586524604 1.500714146072656
-0.024213695036149 -0.072149793713020 1.500221140663533
-0.027086160058358 -0.080892330017887 1.499798057844973
-0.026205795447230 -0.088398093244289 1.499886785515792
0.000000000000000 0.000000000000000 0.000000000000000
0.000000000000000 0.000000000000000 0.000000000000000
0.000000000000000 0.000000000000000 0.000000000000000
0.000000000000000 0.000000000000000 0.000000000000000
0.000000000000000 0.000000000000000 0.000000000000000
-0.027313046349273 -0.110071999513338 1.499226768669087
-0.025859934951082 -0.117471061759810 1.498686044228778
-0.023368571800429 -0.123944089297296 1.498480319090384
0.000000000000000 0.000000000000000 0.000000000000000
0.000000000000000 0.000000000000000 0.000000000000000
-0.017217372722000 -0.130035580947060 1.498169275280890
-0.013280912535749 -0.130535556817119 1.497539301831468
0.000000000000000 0.000000000000000 0.000000000000000
0.000000000000000 0.000000000000000 0.000000000000000
-0.001442242233900 -0.119087485954500 1.497368550615185
0.006508358881689 -0.097337651086056 1.495947994490119
0.022342506989071 -0.096335273493352 1.494592651024878
0.000000000000000 0.000000000000000 0.000000000000000
0.000000000000000 0.000000000000000 0.000000000000000
0.019723142044559 -0.062417953388608 1.494924652205468
-0.006716307747232 -0.030848104312261 1.507305935417694
0.265806495778606 0.001694531109040 1.505833987447131
0.015764063328421 -0.010419325546025 1.494757265388378
0.015336090562024 -0.010520364509456 1.495410393375709
0.012645285430205 0.001740503462299 1.495251186866872
0.013955758117619 0.005429071473477 1.495864800032717
0.000000000000000 0.000000000000000 0.000000000000000
0.000000000000000 0.000000000000000 0.000000000000000
0.004734512909511 0.021039858402966 1.496246648224470
-0.000246023135384 0.019419358676030 1.495858738275308
-0.007290410074345 0.020770851499788 1.494559274697027
-0.013235604984790 0.023273358486334 1.494647353788736
-0.020727720877006 0.028025779360618 1.494185696357962
-0.036223022030832 0.036985682027089 1.494609788807322
-0.050525446768661 0.037691756993355 1.493441481548730
-0.062076459255626 0.042365670590585 1.492833686027923
-0.067434186427674 0.057803957523494 1.493406156932566
-0.068866906524718 0.061271457558768 1.493647235977440
-0.072197319043415 0.066353444870095 1.493681792107109
-0.076582170860362 0.071565834628272 1.494073625484361
-0.078992524744048 0.080482639185730 1.494558249714309
-0.080424887363172 0.087199683763923 1.494967958208183
-0.079453834260442 0.093140354783812 1.495722764792163
-0.077824778083644 0.096429687640892 1.496039202710121
-0.077542262909291 0.097649383459537 1.496320578868849
-0.066718013614898 0.095451433290725 1.496316106563935
-0.060108717036008 0.088944915558979 1.496082986081088
-0.046307786850225 0.071091362998213 1.496163814091762
-0.042447969315078 0.067228361548383 1.496837553219919
-0.039257938430627 0.065417296218315 1.496588408167007
-0.037517887661297 0.065755755983697 1.496613646254286
-0.035400097623058 0.066414209047642 1.496827989106554
-0.034481992252806 0.067308626861808 1.496857772293374
0.000000000000000 0.000000000000000 0.000000000000000
0.000000000000000 0.000000000000000 0.000000000000000
-0.028512598385411 0.069086188231878 1.496349315130838
-0.025446218606384 0.071174513364642 1.496350092407281
-0.024049855608429 0.072980913262256 1.494837845699689
-0.026643070324387 0.074171236561755 1.495190815689458
-0.023730282586900 0.072179953962790 1.494317236058997
0.000000000000000 0.000000000000000 0.000000000000000
-0.024569765321793 0.071226740298048 1.494182671528877
-0.024454117181443 0.071496069065095 1.493731080696792
-0.026680969797691 0.071842328035819 1.493848774561750
0.000000000000000 0.000000000000000 0.000000000000000
0.000000000000000 0.000000000000000 0.000000000000000
-0.024861184094764 0.072181274355885 1.493569477390905
-0.025180620494770 0.073426565646739 1.493410390329555
-0.025063491840348 0.071036384264932 1.493271783832999
-0.024888382000302 0.065326744572536 1.493081117725142
-0.026134536090687 0.062044180806946 1.492481390704986
-0.024567859847035 0.058628862389964 1.491935342470033
-0.025874067763435 0.058052589998298 1.491789659980149
-0.025933748744505 0.055738670758435 1.491175146973646
0.000000000000000 0.000000000000000 0.000000000000000
0.000000000000000 0.000000000000000 0.000000000000000
-0.019596305798344 0.058383629908768 1.489939234622820
0.000000000000000 0.000000000000000 0.000000000000000
0.000000000000000 0.000000000000000 0.000000000000000
-0.012235573380781 0.066303821711396 1.489026037696444
-0.007245771935837 0.070347631650850 1.489570731939651
-0.003963815752303 0.073704564770216 1.489628865637239
0.002005085361364 0.073028272434934 1.489243078526923
0.000000000000000 0.000000000000000 0.000000000000000
0.000000000000000 0.000000000000000 0.000000000000000
0.005155704785584 0.074156106405631 1.489067376238137
0.005579440423682 0.074797072689284 1.488469116641632
0.000000000000000 0.000000000000000 0.000000000000000
0.000000000000000 0.000000000000000 0.000000000000000
0.001441464202792 0.071618845877645 1.487844053095595
-0.000901757254825 0.071782373829989 1.487289700594819
-0.004958516285331 0.069873423795261 1.486778448451581
0.000000000000000 0.000000000000000 0.000000000000000
0.000000000000000 0.000000000000000 0.000000000000000
-0.011925178011106 0.068856910282758 1.486942101120347
-0.009352925181547 0.067935870168361 1.486445377744054
-0.008606712512309 0.065027721668982 1.486186949460563
0.000000000000000 0.000000000000000 0.000000000000000
0.000000000000000 0.000000000000000 0.000000000000000
0.000000000000000 0.000000000000000 0.000000000000000
-0.001763405517551 0.055566850811921 1.484932242832840
-0.003531330978697 0.053213163481436 1.485040721253925
0.000506261488462 0.048258566349000 1.483874592127628
-0.000122160159735 0.045820459492515 1.483877447108718
0.001425834728491 0.039262922041642 1.483245542449109
0.000877586965230 0.027650242462074 1.482913208965217
-0.000269390385450 0.023603845974572 1.482003567329252
-0.004741473735099 0.014971473202397 1.481256583814602
-0.007785382834480 0.011533856770911 1.480698029231165
-0.009027148479655 0.009311045056514 1.480534703283850
-0.008612271873771 0.007983128860342 1.480395409668916
0.000000000000000 0.000000000000000 0.000000000000000
0.000000000000000 0.000000000000000 0.000000000000000
0.000000000000000 0.000000000000000 0.000000000000000
-0.003229053731668 0.009658219554936 1.479957843056326
-0.003654789526937 0.010223801593829 1.479525939640728
0.000585172087982 0.011927903429513 1.479799856554220
0.000000000000000 0.000000000000000 0.000000000000000
0.000000000000000 0.000000000000000 0.000000000000000
0.004240956298447 0.012325153843483 1.479718401730465
0.006091640173119 0.009600881281150 1.480002120375038
0.007810952360169 0.005792243414144 1.480471655048937
0.008963153652891 0.000263095991651 1.480626214536495
0.009700838465830 -0.003511856038236 1.480551218525233
0.007847199017590 -0.009049156810032 1.480902563284063
0.009314822886839 -0.013338803565219 1.481006590305390
0.007866589359568 -0.014577320407554 1.480978417232798
0.006777079987983 -0.015578403645675 1.481005367735990
0.008509290603541 -0.016758802338927 1.480262241673411
0.013162145159592 -0.015571118999962 1.479939664976101
0.006809290139286 -0.016340503894944 1.478725087860129
0.005384841169236 -0.016313832464098 1.477646342587505
0.005179866513865 -0.014818102507907 1.476192967908689
0.006152654166765 -0.017669529150349 1.475551322576588
0.007169768140092 -0.017194465272049 1.475031415421942
0.007354128654994 -0.016628717722400 1.474262334551852
0.009375987467370 -0.018772331332444 1.474062501221731
0.009264246424742 -0.017659340883500 1.473541805726379
0.000000000000000 0.000000000000000 0.000000000000000
0.010068830751601 -0.015355538857363 1.472863420893508
0.000000000000000 0.000000000000000 0.000000000000000
0.009568221847303 -0.013753900309058 1.472413875859957
0.009114114721173 -0.008179346905634 1.472520504908215
0.000000000000000 0.000000000000000 0.000000000000000
0.000000000000000 0.000000000000000 0.000000000000000
0.000000000000000 0.000000000000000 0.000000000000000
0.000000000000000 0.000000000000000 0.000000000000000
0.009821391058836 -0.004781982011476 1.471797676515296
0.008238946449161 0.002671095480622 1.471814794590650
0.000000000000000 0.000000000000000 0.000000000000000
0.008762698477850 0.009723647889312 1.471686670763570
0.010116439085400 0.014855197274111 1.471185231943817
0.008135524650822 0.017673921893985 1.471600918604827
0.000000000000000 0.000000000000000 0.000000000000000
0.000000000000000 0.000000000000000 0.000000000000000
0.000000000000000 0.000000000000000 0.000000000000000
0.010603070891833 0.020478098914583 1.471090690922202
0.000000000000000 0.000000000000000 0.000000000000000
0.000000000000000 0.000000000000000 0.000000000000000
0.000000000000000 0.000000000000000 0.000000000000000
0.000000000000000 0.000000000000000 0.000000000000000
0.012363372606047 0.018137951417681 1.471033278192499
0.000000000000000 0.000000000000000 0.000000000000000
0.000000000000000 0.000000000000000 0.000000000000000
0.011539466577453 0.018234013982569 1.470691798029372
0.011584485775245 0.016716966282159 1.470541387008871
0.000000000000000 0.000000000000000 0.000000000000000
0.010981865065307 0.014944287365038 1.470386439606731
0.000000000000000 0.000000000000000 0.000000000000000
0.000000000000000 0.000000000000000 0.000000000000000
0.009823721243143 0.014696581790724 1.470075419338252
0.011181081358514 0.016051953235195 1.469560715578071
0.010552059727346 0.017231263157267 1.468413967992163
0.009626527026772 0.031115243032401 1.462675528507131
0.006013126969572 0.044283419566782 1.460714170696837
0.003977424150079 0.057716968683048 1.458794645006897
0.001667919832718 0.061948123857934 1.457849007409296
0.002114250085926 0.063155437615467 1.457314886970684
0.000000000000000 0.000000000000000 0.000000000000000
0.000000000000000 0.000000000000000 0.000000000000000
0.002442955935333 0.058159875191193 1.455694872239459
0.003525469637838 0.057466633404753 1.455214212643351
0.004389457676190 0.058222519151824 1.454840857745052
0.005224216449145 0.058582630421582 1.454624728487389
0.007821636085839 0.062891038473083 1.454300041410811
0.010545845501151 0.065466114446968 1.454457260148075
0.012290295444594 0.067834876887984 1.454723547484165
0.017778732454870 0.074198148727649 1.455725643188412
0.021294029597510 0.077381397605184 1.456084897603997
0.027924128333584 0.078450840963737 1.458478109057667
0.000000000000000 0.000000000000000 0.000000000000000
0.038548137415516 0.077378226583933 1.460563756144585
0.040995961824090 0.074693195212464 1.461515688258726
0.043225532504485 0.071111719903467 1.462740796993276
0.045095508624486 0.066942204592559 1.463460158449710
0.000000000000000 0.000000000000000 0.000000000000000
0.000000000000000 0.000000000000000 0.000000000000000
0.046020923209705 0.060158297245105 1.464212810811041
0.046112722565098 0.057215419835150 1.464520504147028
0.044903728780167 0.054153420695680 1.464424466733871
0.043495751612051 0.052152180221799 1.464200008058601
0.043008731552416 0.048347348080096 1.463574472477086
0.000000000000000 0.000000000000000 0.000000000000000
0.039305180461965 0.046975537872238 1.463860444594770
0.034141495166996 0.044096389541781 1.463704234668688
0.029161213532997 0.044249479255552 1.463205471682462
0.026454126336286 0.042207727675398 1.463210772140535
0.022471714290958 0.040777454008017 1.462725297762069
0.000000000000000 0.000000000000000 0.000000000000000
0.000000000000000 0.000000000000000 0.000000000000000
0.010632386995990 0.038890060579360 1.462323004994186
0.006110355859586 0.035238766152699 1.462370248612161
0.000000000000000 0.000000000000000 0.000000000000000
-0.001078889026722 0.031122583754194 1.461861377607098
0.000548135961538 0.025858799186515 1.461692720491434
-0.000701081817927 0.024539516684510 1.461665445812990
-0.000547293288653 0.024092642410124 1.461442268264258
-0.000682353561256 0.025946508685409 1.462011299306174
0.005730748344799 0.023702835553213 1.462325408862131
0.007738090858184 0.023042232566593 1.462717173792508
0.008655635891920 0.022720275037674 1.462959117570759
0.010124060080255 0.023442358667159 1.463552667649041
0.011094979944528 0.023114834588651 1.464333172574185
0.007121110243920 0.022935813769678 1.465160390097075
0.006662388661246 0.021579966329859 1.465975064537123
0.005593952592022 0.020460078608782 1.467040337310645
0.004162092322259 0.017624312391457 1.467914722560561
-0.000163567798290 0.012568010122305 1.469154724745664
-0.000859081558667 0.012973766751009 1.469495244455250
-0.001601163985161 0.013779802073567 1.469292397166345
-0.001074900912761 0.013335451751262 1.469912167229396
-0.000614527496752 0.011758547135085 1.469923633887336
-0.000101013686465 0.011229652384547 1.469883782401877
0.000643132909529 0.007552779063555 1.470247701672519
0.002870154767510 0.005960011756394 1.469465100655850
0.005587749949322 0.002214175954770 1.469752332901383
0.005845666826434 0.000430109534354 1.467374903347599
0.000000000000000 0.000000000000000 0.000000000000000
0.008466389038893 -0.006001989138493 1.467272883737102
0.000000000000000 0.000000000000000 0.000000000000000
0.010699376673584 -0.011906337875482 1.466756987042437
0.000000000000000 0.000000000000000 0.000000000000000
0.000000000000000 0.000000000000000 0.000000000000000
0.018044953848460 -0.021708650928328 1.466720270206075
0.023577114879141 -0.023794992795947 1.466216199284756
0.029139874201585 -0.027355867025277 1.465939471034958
0.033579777136530 -0.033362921209173 1.465243509732201
0.033458480414391 -0.037187471361556 1.462804168353205
0.037232682212889 -0.049202175509253 1.462915294951969
0.035790703484716 -0.066850774474433 1.463042395516104
0.036892762914830 -0.083734908353256 1.462070883375681
0.038120090263032 -0.103627575787917 1.463110959800151
0.040649266852831 -0.121963908916473 1.463376637306361
0.000000000000000 0.000000000000000 0.000000000000000
0.000000000000000 0.000000000000000 0.000000000000000
0.055274944774172 -0.152604130509758 1.466811238356076
0.000000000000000 0.000000000000000 0.000000000000000
0.000000000000000 0.000000000000000 0.000000000000000
0.066121708819229 -0.171656016132197 1.460239799969463
0.072769306631507 -0.179221660136299 1.457537806743474
0.000000000000000 0.000000000000000 0.000000000000000
0.000000000000000 0.000000000000000 0.000000000000000
0.061691854681487 -0.218823338832967 1.465836445564811
0.062726332098877 -0.215525279877187 1.464655873945582
0.000000000000000 0.000000000000000 0.000000000000000
0.064273201397504 -0.214033165994963 1.465883244109192
0.000000000000000 0.000000000000000 0.000000000000000
0.000000000000000 0.000000000000000 0.000000000000000
0.000000000000000 0.000000000000000 0.000000000000000
