-0.197612876747667 0.079773798179542 0.873867606945072
-0.180847769465316 0.094999123811529 0.875462207344796
0.000000000000000 0.000000000000000 0.000000000000000
-0.170135178399993 0.110794538724114 0.877978788726273
0.000000000000000 0.000000000000000 0.000000000000000
-0.155949340275242 0.123972863884249 0.883341051560189
0.000000000000000 0.000000000000000 0.000000000000000
0.000000000000000 0.000000000000000 0.000000000000000
-0.157623841143130 0.128987356454868 0.888424085488361
-0.154841246881759 0.203771335312668 0.874299276399685
0.000000000000000 0.000000000000000 0.000000000000000
-0.141181325919422 0.183121230199882 0.864936250738617
0.000000000000000 0.000000000000000 0.000000000000000
0.000000000000000 0.000000000000000 0.000000000000000
-0.124734488028096 0.202917427618437 0.865324448278436
0.000000000000000 0.000000000000000 0.000000000000000
0.000000000000000 0.000000000000000 0.000000000000000
0.000000000000000 0.000000000000000 0.000000000000000
0.000000000000000 0.000000000000000 0.000000000000000
0.000000000000000 0.000000000000000 0.000000000000000
-0.099317273963409 0.238245215888411 0.864516074311141
-0.088286645982265 0.251903568549760 0.863978125265729
-0.076796072631769 0.266746180062597 0.862230402546812
0.000000000000000 0.000000000000000 0.000000000000000
-0.063253301281654 0.284352431235769 0.860301252707904
-0.051967481396621 0.301191438654473 0.859031044799463
-0.043133072672500 0.316688650177724 0.857863266345989
0.000000000000000 0.000000000000000 0.000000000000000
0.000000000000000 0.000000000000000 0.000000000000000
-0.027816328356774 0.333839948649863 0.853701994059227
-0.017157288692353 0.346654972945586 0.852286892158756
-0.000052310962474 0.366577696741824 0.851328431845302
0.000000000000000 0.000000000000000 0.000000000000000
0.002967606798917 0.379440645097337 0.847458615641017
0.012755442749290 0.396923652815719 0.845728052416530
0.019253806079024 0.412123861392697 0.843311820714442
0.000000000000000 0.000000000000000 0.000000000000000
0.000000000000000 0.000000000000000 0.000000000000000
0.000000000000000 0.000000000000000 0.000000000000000
0.000000000000000 0.000000000000000 0.000000000000000
0.000000000000000 0.000000000000000 0.000000000000000
0.024008515537250 0.449924423397742 0.838091584727842
0.031450072727538 0.469267113419758 0.835052887175713
0.036759485836482 0.487785436037118 0.831572518321305
0.044084913205640 0.499617638223334 0.827187096784836
0.048950750092765 0.517014378133264 0.824937765540099
0.052536587380044 0.534750012068309 0.822252085493174
0.047035496472809 0.546512951123732 0.818175616118754
0.047368493831208 0.562190853484492 0.815796349400301
0.047146821629518 0.576347521466864 0.813380166982906
0.047261416051423 0.591068466062553 0.812544231486722
0.046134668232440 0.606310443495117 0.812341577879133
0.044502486400341 0.619876320540184 0.811994108431144
0.042375917049147 0.633789832994129 0.811856137317794
0.038139259574872 0.646294346429669 0.811939919904070
0.032048372582629 0.655325179541842 0.812476270302361
0.000000000000000 0.000000000000000 0.000000000000000
0.025837484769274 0.678784715247147 0.815039392802798
0.023371974571764 0.692130055877390 0.817867629305929
0.000000000000000 0.000000000000000 0.000000000000000
0.022285036047928 0.707125513348734 0.820572602485314
0.018282666701449 0.717650447249865 0.823041657158274
0.015772388195313 0.730312222207820 0.826303681694949
0.011608341117142 0.742375481802557 0.829588395921426
0.005802383886848 0.754548373893918 0.833874727313391
0.001055221595698 0.766195381517467 0.838227947641841
-0.002617123264728 0.778672321394905 0.841697290504178
-0.006354327437608 0.790434206882719 0.845965100089012
0.000000000000000 0.000000000000000 0.000000000000000
-0.011462056640909 0.802161147014805 0.851295632951107
-0.014612714026702 0.814898310661873 0.856035641474582
-0.018195107274435 0.828033837044854 0.861417532117859
0.000000000000000 0.000000000000000 0.000000000000000
0.000000000000000 0.000000000000000 0.000000000000000
0.000000000000000 0.000000000000000 0.000000000000000
0.000000000000000 0.000000000000000 0.000000000000000
-0.030612359725510 0.849873713635525 0.874875630147470
-0.035190258069073 0.863613216200371 0.881253167141801
-0.037197979148666 0.879440585909792 0.887146717385393
0.000000000000000 0.000000000000000 0.000000000000000
0.000000000000000 0.000000000000000 0.000000000000000
-0.042003529323251 0.891278887123833 0.893752594416311
-0.043787535045185 0.905401156965007 0.901573411405190
-0.044206342897662 0.920726902659042 0.908381979124311
-0.047228179769419 0.933756862825015 0.915933448439381
-0.041171517105700 0.951918642659800 0.923582802543047
-0.042140840019100 0.958409369939951 0.935852285017672
-0.041745164274239 0.975142293007020 0.939845047188614
-0.041756248801957 0.989505815123897 0.948719135254141
-0.040670591763974 1.003943608578908 0.958432563834865
0.000000000000000 0.000000000000000 0.000000000000000
0.000000000000000 0.000000000000000 0.000000000000000
-0.039974077061522 1.017288508504881 0.968126887647250
-0.040530944805599 1.029859533066529 0.978412301951806
-0.039068070035285 1.043313273295044 0.989431845306546
0.000000000000000 0.000000000000000 0.000000000000000
-0.037653248188525 1.057363144802930 0.999801232430025
-0.035678671550739 1.070779128520882 1.010682835650714
-0.034965892920055 1.082863651059547 1.022356741492512
-0.031141084270704 1.097750434062449 1.033700440764312
-0.023944107610627 1.112009820136261 1.045243852537681
0.000000000000000 0.000000000000000 0.000000000000000
-0.015760171151788 1.126370617215538 1.056928130287922
-0.003886413902816 1.143492749256714 1.068419026197714
-0.014371669927976 1.138359691576669 1.080860504876985
-0.003394345375134 1.161773268893443 1.090301949922036
0.008304529550272 1.176366436637001 1.101706984526455
0.020061892746939 1.194206567762487 1.115524905897482
0.027047798133757 1.207807142056458 1.128694604073670
0.036365829380272 1.221731335599108 1.142628390622697
0.044241119996158 1.236060854269823 1.155921214655384
0.053646156222401 1.250563650367539 1.169629864829085
0.061187976995786 1.264964042774709 1.183726972221004
0.067405646420704 1.278373747716483 1.197563533793766
0.076513980388809 1.292027174998778 1.211824082053666
0.082820161984282 1.303628101815933 1.227475557279666
0.000000000000000 0.000000000000000 0.000000000000000
0.000000000000000 0.000000000000000 0.000000000000000
0.000000000000000 0.000000000000000 0.000000000000000
0.000000000000000 0.000000000000000 0.000000000000000
0.098235231923480 1.335728683371175 1.256736319724812
0.110188752641822 1.357021878450228 1.270405707974094
0.000000000000000 0.000000000000000 0.000000000000000
0.000000000000000 0.000000000000000 0.000000000000000
0.000000000000000 0.000000000000000 0.000000000000000
0.120254406172363 1.378926536863746 1.296639645586360
0.128032183415826 1.394473803421965 1.311026312368432
0.134077848793055 1.408243400374865 1.324152121521072
0.000000000000000 0.000000000000000 0.000000000000000
0.000000000000000 0.000000000000000 0.000000000000000
0.000000000000000 0.000000000000000 0.000000000000000
0.146213677114085 1.432416581703868 1.349856339899622
0.154794227473343 1.449150824123618 1.361556519732901
0.160306511461350 1.466551624037514 1.372776655201384
0.168703530412134 1.481752342904663 1.384714882132388
0.178840490661352 1.497573651844089 1.395532759994902
0.000000000000000 0.000000000000000 0.000000000000000
0.194793738678218 1.526189947148337 1.416293026543831
0.000000000000000 0.000000000000000 0.000000000000000
0.000000000000000 0.000000000000000 0.000000000000000
0.000000000000000 0.000000000000000 0.000000000000000
0.000000000000000 0.000000000000000 0.000000000000000
0.000000000000000 0.000000000000000 0.000000000000000
0.220812032083785 1.570659903802058 1.446997806606875
0.231952759531018 1.585547972082395 1.455826293335704
0.238628887063397 1.599684089314865 1.464519016870794
0.248720885927691 1.614648113230437 1.473152269357782
0.000000000000000 0.000000000000000 0.000000000000000
0.256906480582060 1.628988068695584 1.481626688147019
0.265717036618013 1.643083923681996 1.490114957995223
0.275952310097057 1.657590173447015 1.498819495651841
0.282578477832447 1.669311584675552 1.507240404051902
0.291402189773490 1.683281594742057 1.514954920084729
0.304802273551007 1.708084739109627 1.531549229017509
0.315360999486872 1.722938624863930 1.539767601864938
0.325097308550295 1.735489764291752 1.547366434664909
0.334665197406264 1.746899477926537 1.555162744960640
0.346971357868363 1.762200403570863 1.563152256743354
0.000000000000000 0.000000000000000 0.000000000000000
0.366757758176789 1.786657695166987 1.577818090258915
0.000000000000000 0.000000000000000 0.000000000000000
0.377658240000258 1.798637495254716 1.585204364991326
0.388852683114358 1.810447417208104 1.592483669166901
0.400203776019422 1.822700919561492 1.599823883376135
0.423064661895751 1.847318586491616 1.616049341098985
0.434422093574125 1.859798204632324 1.623844826290247
0.447146710052604 1.869221053840731 1.630569976342199
0.460358199529335 1.878915719199881 1.637487276331507
0.474628484758201 1.889859381342480 1.642448250852316
0.492473290258364 1.901609550244482 1.649672039976883
0.520900695280536 1.919657863997775 1.662263059006056
0.536213090963937 1.925897772137811 1.667111668275059
0.549311236087815 1.925238129974114 1.677066210081327
0.570594821108062 1.938967660690852 1.682087411043214
0.591079976521711 1.951822880276278 1.686649002673341
0.612789072331079 1.956265802467144 1.691917796281696
0.629904754875753 1.968052866793804 1.698899586648908
0.648921105663416 1.966134795076188 1.703892321936700
0.676022593061893 1.971373945048599 1.710339019063941
0.695011441821045 1.979546697926812 1.716626238913589
0.726051332292806 1.979049807616904 1.721471545212227
0.751317274276492 1.978218207153865 1.727228430904192
0.772293170228150 1.975435372258941 1.733160637066536
0.795201462810971 1.973817336903391 1.738730842209926
0.821347464356123 1.974956739285032 1.743553091887900
0.846849779893672 1.971949366656277 1.748772307553076
0.000000000000000 0.000000000000000 0.000000000000000
0.000000000000000 0.000000000000000 0.000000000000000
0.839230293462836 1.952466400960849 1.756248960968898
0.000000000000000 0.000000000000000 0.000000000000000
0.000000000000000 0.000000000000000 0.000000000000000
0.893945749160084 1.973469188741100 1.756722185963343
0.000000000000000 0.000000000000000 0.000000000000000
0.000000000000000 0.000000000000000 0.000000000000000
0.000000000000000 0.000000000000000 0.000000000000000
1.286373116911930 1.921205263558059 1.778750247728624
0.000000000000000 0.000000000000000 0.000000000000000
0.000000000000000 0.000000000000000 0.000000000000000
0.518296802018118 2.299347731464286 2.099508643692399
0.975479794013903 1.969418121357670 1.767651884009475
1.001271679677894 1.958394246538751 1.769748612183641
1.021940045553679 1.955201552155842 1.770621913503583
1.048593833754852 1.954794032006984 1.772841939449586
1.072824790507773 1.952920525964237 1.774258632866118
1.098213775656214 1.951119377831489 1.775526630218076
1.122186884670622 1.949950533373680 1.776924598647045
1.154328928985806 1.948178959394710 1.778519995887860
1.179498319782725 1.947770826783352 1.778422477845498
1.205463151773138 1.946788867184154 1.777667473761945
1.308839002822054 1.948462267660768 1.781459273060789
1.363718260675860 1.956380587798834 1.779798054982333
1.387680782649379 1.957341462526146 1.779562067263975
1.414137875588153 1.962424599983035 1.777914087867697
1.468050830572014 1.963911745509445 1.778064450774958
1.492340535454655 1.956928152751674 1.778501786914054
0.000000000000000 0.000000000000000 0.000000000000000
0.000000000000000 0.000000000000000 0.000000000000000
0.000000000000000 0.000000000000000 0.000000000000000
1.542525148142395 1.954899022273471 1.778631677953401
1.563848499916049 1.949282444835075 1.779443269461117
1.618278417108015 1.947579386326748 1.779423374354951
1.642322947182306 1.943824325589202 1.779220724273297
1.664430968396375 1.935252302023569 1.780539658011225
1.706779737258531 1.931571292359606 1.781579990148111
1.730960761877257 1.926680376886690 1.782714413477873
1.752436351797352 1.921962395282788 1.782546587481745
1.774763158326425 1.911535452602401 1.782388231569218
1.796913089376732 1.911374135604013 1.783380623674987
1.817153119810960 1.907581787905998 1.783465751083344
1.837311366822203 1.896135796867410 1.782960044185961
1.856141542259445 1.884395645164912 1.784107746451844
1.876159969301525 1.878330021102100 1.784627775817328
1.901573047387323 1.880294200783778 1.786435841924974
0.000000000000000 0.000000000000000 0.000000000000000
0.000000000000000 0.000000000000000 0.000000000000000
0.000000000000000 0.000000000000000 0.000000000000000
0.000000000000000 0.000000000000000 0.000000000000000
1.962862665583903 1.845992823822751 1.787718700247685
1.979318454733523 1.834255789116734 1.787994992497025
1.993017738634075 1.824377825588375 1.788866979819514
2.029666102270496 1.814849873742415 1.788615829300523
2.046027850963310 1.803860573660083 1.789522204726594
2.062414629965460 1.797351197865480 1.788788099389162
2.074999818566955 1.792373380288794 1.787436442267808
2.087375475431900 1.781438797083655 1.785136874556506
2.110508535658996 1.766374564207765 1.783568896535665
2.122282420455065 1.758171902932241 1.781898505017318
2.128138495489297 1.744489964328966 1.781187235226960
2.135704286088527 1.740904221341704 1.779573278987471
2.142796597581047 1.733098800837337 1.777969456889548
2.150250289542761 1.714659038373868 1.775835738842125
2.153662526968227 1.707569053502703 1.773231593318961
2.156268017225461 1.695484514960969 1.771821359098461
2.160675682437085 1.685094819688948 1.771136998492404
2.158994862601168 1.665480305054533 1.767453759117625
0.000000000000000 0.000000000000000 0.000000000000000
0.000000000000000 0.000000000000000 0.000000000000000
0.000000000000000 0.000000000000000 0.000000000000000
2.158227588427812 1.645196467457628 1.764118662500023
2.152256094038797 1.631477782652684 1.761409247711140
2.150213108173398 1.619683058091918 1.759888595832755
2.145454793848858 1.609475348417805 1.756913148350331
2.138215705868714 1.595055500158793 1.753612504063646
2.134834949397265 1.584174548131039 1.751836628022364
2.128251650657660 1.573455644417886 1.749049279508915
2.123181933360493 1.557787223618031 1.747162269026605
2.108501062435528 1.531701831597259 1.740388121819152
2.092668754805774 1.498141886667616 1.735170355370237
2.082865062439204 1.482459515784171 1.732272207167878
0.000000000000000 0.000000000000000 0.000000000000000
0.000000000000000 0.000000000000000 0.000000000000000
2.079044230087534 1.467145612826455 1.729711497151612
2.070734746615270 1.452008150821641 1.726960849352953
2.063444166196485 1.433451663206900 1.723928852674856
2.057035293397692 1.417806202360066 1.721528606963770
2.048428686440810 1.401116603215554 1.717404859037179
2.044914286387044 1.385130575022962 1.714007257284657
2.028680304099262 1.344323218216077 1.705716417685133
0.000000000000000 0.000000000000000 0.000000000000000
0.000000000000000 0.000000000000000 0.000000000000000
2.016897896590649 1.308959769766814 1.701380559807981
2.007430093437174 1.291620178940565 1.699134980757499
1.998017699584939 1.265228526765851 1.695139983025755
1.991870177016527 1.248759950555678 1.692548295898848
1.981244021417614 1.231012999917544 1.689146482227048
1.973951965723431 1.212764255912880 1.685471159133964
1.954799192558015 1.178272925613941 1.679892326020748
0.000000000000000 0.000000000000000 0.000000000000000
1.937105029654441 1.142946294832385 1.672442132050291
1.928632487040511 1.128473872499085 1.669090049215915
1.914218377189013 1.112527054001857 1.663926173116878
1.904721200592945 1.096640809582536 1.660820761317830
1.880921324567997 1.067279912632099 1.652868380186988
1.872448397400933 1.053474762790246 1.648633077341987
1.862165909542336 1.035757643371695 1.646268805713534
1.850892120572175 1.023343108082464 1.642188662618642
1.825432956001181 0.994723388694484 1.634856856168593
1.815483573645189 0.982794178315437 1.630593663932176
1.797303453534523 0.969843976045245 1.626888270296454
1.785015978938160 0.955393419928151 1.622902224850359
1.757433554320706 0.931011431148398 1.615418188880207
1.740895658251654 0.917953630005284 1.611867634274088
0.000000000000000 0.000000000000000 0.000000000000000
0.000000000000000 0.000000000000000 0.000000000000000
0.000000000000000 0.000000000000000 0.000000000000000
1.728806613153393 0.908028421410158 1.608127700768165
1.713596896136107 0.897929747617525 1.603748662286915
1.696425049314444 0.885465020636567 1.601190603327739
1.664669547191354 0.865715314167837 1.592604108990308
0.000000000000000 0.000000000000000 0.000000000000000
0.000000000000000 0.000000000000000 0.000000000000000
0.000000000000000 0.000000000000000 0.000000000000000
0.000000000000000 0.000000000000000 0.000000000000000
1.644252817632897 0.852581919896797 1.587767223957105
1.627041065837184 0.842469428377738 1.584057965967589
1.609307964264678 0.831862400937484 1.580510452371627
1.568908212982011 0.812722272770546 1.571680626794771
1.524450219328914 0.794172060932050 1.562751871021912
1.500213444089476 0.784613630265410 1.556713595725325
0.000000000000000 0.000000000000000 0.000000000000000
0.000000000000000 0.000000000000000 0.000000000000000
0.000000000000000 0.000000000000000 0.000000000000000
1.460273084945335 0.771500916490751 1.549941486862076
1.443256664697849 0.767506135643929 1.545118666671064
1.420685011483844 0.761001114218257 1.540281283712121
1.400498502257327 0.755771185334401 1.536092539399460
0.000000000000000 0.000000000000000 0.000000000000000
0.000000000000000 0.000000000000000 0.000000000000000
1.356538820581933 0.745746756609765 1.527004154765811
0.000000000000000 0.000000000000000 0.000000000000000
0.000000000000000 0.000000000000000 0.000000000000000
0.000000000000000 0.000000000000000 0.000000000000000
0.000000000000000 0.000000000000000 0.000000000000000
0.000000000000000 0.000000000000000 0.000000000000000
0.000000000000000 0.000000000000000 0.000000000000000
0.000000000000000 0.000000000000000 0.000000000000000
0.000000000000000 0.000000000000000 0.000000000000000
0.000000000000000 0.000000000000000 0.000000000000000
0.000000000000000 0.000000000000000 0.000000000000000
0.000000000000000 0.000000000000000 0.000000000000000
1.266812833155140 0.732480183726883 1.511198133691121
1.243977738916882 0.729621434959233 1.508043934639460
1.220996131566030 0.727275760006715 1.504031782280078
1.197552415900670 0.726335151348377 1.499591843192302
1.145804741437177 0.721926722649641 1.492635693472560
1.122155425751881 0.721181106070030 1.489290098613177
1.100126938001612 0.723141224925458 1.485256683453435
1.072467058968981 0.724086314971291 1.480785433538856
1.045146468877270 0.722849983697448 1.477404312220991
0.992010911256370 0.726250588091641 1.469777965585372
0.963690274659900 0.724233386532461 1.466828618436886
0.934333111153224 0.727138290200403 1.462823521153878
0.903279625393664 0.727479201345907 1.459730227912236
0.878195927354842 0.733083490314930 1.456233210626727
0.846790029234748 0.735214586393789 1.452166685731637
0.816968530714720 0.739282105986201 1.448464524699791
0.000000000000000 0.000000000000000 0.000000000000000
0.000000000000000 0.000000000000000 0.000000000000000
0.789246849981489 0.741659879232541 1.444583346273650
0.754470432250275 0.746427352841224 1.440442440160195
0.727924489030612 0.754302574051197 1.436290644092073
0.663006962180227 0.760719455896826 1.428481489864110
0.608404802897939 0.773648415386677 1.420404223332163
0.580270237100808 0.780330550367665 1.416918161082851
0.516750974498860 0.794737278102297 1.407481794623780
0.490274374665025 0.802412008571327 1.403209086692315
0.440576193509361 0.817834618487237 1.394149311916776
0.393874795975292 0.838957251047694 1.383477136429557
0.371520183109731 0.848008412465862 1.379517056271908
0.330679841403212 0.869089333364011 1.368586612356752
0.309752875715049 0.880021724585333 1.363131151010219
0.294103637925613 0.891015248396892 1.357299623853008
0.280236545296911 0.903589171880816 1.352107555783863
0.265717013445025 0.916676436694223 1.346804169452244
0.255530450635865 0.928776972442875 1.340748154145807
0.241827144104632 0.938965294940126 1.336076378276167
0.234446665710445 0.950061299749515 1.330926359544408
0.228809994421892 0.962478019452981 1.324581628903497
0.223304587988252 0.973521994496515 1.319042925168939
0.222938990868426 0.981881545179527 1.313783926022433
0.218725551817941 0.992548513350300 1.308646001725426
0.218318008797970 1.005314033211163 1.302817326171736
0.217043441611746 1.016107513576086 1.297121717107179
0.216791982761317 1.028466283307652 1.291734425215414
0.214291020053958 1.039455427222394 1.286630117963935
0.220183867978204 1.064686340198918 1.274618514061514
0.220977803817001 1.074215545019630 1.269048488154238
0.226368431944745 1.086922490519104 1.263716914383952
0.229209018424645 1.100522229082931 1.258804874035251
0.238730283217518 1.114917389463957 1.252956995476802
0.000000000000000 0.000000000000000 0.000000000000000
0.247104243151153 1.128585621915051 1.247928231303606
0.256319533717615 1.142220691398653 1.242917706674280
0.264678709886501 1.155018210577493 1.238450649669730
0.274998837240822 1.169442458890364 1.233507440620368
0.283809457679349 1.183605444751672 1.229277305700260
0.293372245961786 1.198412883446532 1.225094810250568
0.312037791123185 1.227904800405940 1.216243688255878
0.323441625950639 1.244172648636231 1.212149103287179
0.331533584786226 1.258401569030831 1.208224602933864
0.340735068513187 1.273917105290548 1.204855216296365
0.350798749706182 1.288954523725848 1.201749723790222
0.359536515432467 1.301679994031358 1.199686285523366
0.370850951361641 1.318945474200374 1.196352897891290
0.382315460072790 1.335731115211481 1.192755620855340
0.394508600809481 1.355817772610659 1.188978407202095
0.401539504396626 1.361297587376051 1.187034668900363
0.421669958448978 1.398794471653543 1.181314711915065
0.430827818549645 1.414928988141062 1.180159214513268
0.000000000000000 0.000000000000000 0.000000000000000
0.000000000000000 0.000000000000000 0.000000000000000
0.451379415643251 1.450039173747531 1.178092260419003
0.461022613832871 1.465863166321999 1.176801301519641
0.471456389081852 1.484498104934472 1.175263401714557
0.481008614363016 1.502734122242867 1.175030099568780
0.490545529262290 1.522051825740714 1.175108217618948
0.500297845435540 1.543389267651379 1.176079951974959
0.511996100489660 1.575468882030896 1.175275159859854
0.509244547489218 1.591852294373442 1.174885164785955
0.517656717911393 1.609336626096310 1.176285677580871
0.000000000000000 0.000000000000000 0.000000000000000
0.000000000000000 0.000000000000000 0.000000000000000
0.525774487567085 1.630197822652137 1.176215786557287
0.532068044377449 1.650021336683767 1.176011006019282
0.544235514927842 1.672385778169986 1.176339947456284
0.549824514586271 1.691421736760702 1.177353273921057
0.560750537477697 1.731627960158242 1.179762434605521
0.568536219487649 1.757568247568609 1.182260312901982
0.574048762328577 1.777205372429345 1.184476302452536
0.587760841685911 1.815434797489943 1.190587327359259
0.593475574805939 1.833523369534481 1.193230260925321
0.600340612614429 1.851524431028482 1.196178535586288
0.606921697015428 1.872745272184207 1.201576201218388
0.615576937661080 1.906942509914307 1.207070582852340
0.621622773275645 1.924516318942516 1.209678580121269
0.629118364165360 1.941864169388915 1.213036144919383
0.000000000000000 0.000000000000000 0.000000000000000
0.000000000000000 0.000000000000000 0.000000000000000
0.000000000000000 0.000000000000000 0.000000000000000
0.643321590518932 1.974925578459055 1.219644727051056
0.650026176086253 1.992924047915797 1.224515444084309
0.656797144227193 2.005366070619321 1.226876722831996
0.665466482240855 2.021858100351572 1.231588582968481
0.673774502649948 2.037248075150383 1.236294098594684
0.685326562586422 2.059579008466836 1.246444774348421
0.000000000000000 0.000000000000000 0.000000000000000
0.000000000000000 0.000000000000000 0.000000000000000
0.000000000000000 0.000000000000000 0.000000000000000
0.694481692766845 2.072005661020281 1.251517537436204
0.000000000000000 0.000000000000000 0.000000000000000
0.000000000000000 0.000000000000000 0.000000000000000
0.000000000000000 0.000000000000000 0.000000000000000
0.000000000000000 0.000000000000000 0.000000000000000
0.000000000000000 0.000000000000000 0.000000000000000
0.704378902627205 2.083083566472133 1.257063752086837
0.000000000000000 0.000000000000000 0.000000000000000
0.000000000000000 0.000000000000000 0.000000000000000
0.000000000000000 0.000000000000000 0.000000000000000
0.000000000000000 0.000000000000000 0.000000000000000
0.000000000000000 0.000000000000000 0.000000000000000
0.000000000000000 0.000000000000000 0.000000000000000
0.000000000000000 0.000000000000000 0.000000000000000
0.713701280816310 2.093176188263385 1.262766048961926
0.722923179088511 2.101990524965559 1.269308637820141
0.740901363989691 2.117265678760047 1.283277277208070
0.753102924138687 2.125099512374502 1.288760704434944
0.764499297366930 2.133896234885727 1.295088550315977
0.773677546195927 2.139285632082396 1.301683657493463
0.796157606472563 2.148276528206043 1.315685983752338
0.806304659345209 2.150192748851953 1.322923982079669
0.840745408353058 2.149952896796743 1.346458380993331
0.000000000000000 0.000000000000000 0.000000000000000
0.000000000000000 0.000000000000000 0.000000000000000
0.870236002850007 2.153408001758979 1.363079488271510
0.881612335948576 2.152638233243017 1.371456650105120
0.913140836285276 2.154838936522310 1.389122997376737
0.928116620076986 2.156198370884457 1.397561254088014
0.942620790950104 2.156889977329932 1.405787495443351
0.000000000000000 0.000000000000000 0.000000000000000
0.000000000000000 0.000000000000000 0.000000000000000
0.957781734686963 2.158961963381845 1.413138133673671
0.000000000000000 0.000000000000000 0.000000000000000
0.990498973144982 2.159863804483376 1.430602313647829
1.003714188172392 2.156732447116533 1.438461000603715
1.027358296154475 2.159165602311505 1.449560238369328
1.044891800143846 2.157877148654689 1.457791821484542
1.063632986227341 2.158846316648733 1.465366684473739
1.081549304741765 2.158726205947631 1.472873411690323
1.100841660932900 2.163009424192737 1.479275156510205
1.120919269703867 2.163399654369838 1.486147909937982
1.138363173385643 2.160308644207269 1.493293454995005
1.181190969407351 2.159787342874502 1.506672729508719
1.203751674060122 2.160840480183929 1.512373114327630
0.000000000000000 0.000000000000000 0.000000000000000
0.000000000000000 0.000000000000000 0.000000000000000
0.000000000000000 0.000000000000000 0.000000000000000
0.000000000000000 0.000000000000000 0.000000000000000
0.000000000000000 0.000000000000000 0.000000000000000
1.247770380126170 2.154567915128512 1.522882141063119
1.271184373556451 2.153309672009678 1.527335444688118
1.298866163403051 2.153501302176674 1.531757236914190
0.000000000000000 0.000000000000000 0.000000000000000
0.000000000000000 0.000000000000000 0.000000000000000
1.353216462768761 2.150957353825340 1.539912681985445
1.383767047607973 2.148842185743688 1.543717566114476
0.000000000000000 0.000000000000000 0.000000000000000
0.000000000000000 0.000000000000000 0.000000000000000
1.435779115113557 2.148358196195425 1.550819277858206
1.494645677638503 2.137421007907022 1.560715396463338
1.547612026824655 2.153379559294392 1.563079522327300
0.000000000000000 0.000000000000000 0.000000000000000
0.000000000000000 0.000000000000000 0.000000000000000
1.607298791987025 2.133919799913140 1.568979852117055
1.621239757767690 2.084215634094908 1.577124771664289
1.626501720823471 2.536884940063802 1.722192872784356
1.736697771277598 2.123751779507185 1.584574232418613
1.789083498630072 2.123784560034536 1.585510891368542
1.820378197528034 2.121891941943983 1.588051493875792
1.860370867633733 2.127692698183645 1.590103438413344
0.000000000000000 0.000000000000000 0.000000000000000
0.000000000000000 0.000000000000000 0.000000000000000
1.955253937400167 2.127825004253372 1.599872830588760
1.992500869849372 2.131773868805853 1.602008356758855
2.028879933560389 2.131091570108704 1.603085297228820
2.065174453066476 2.134497693261572 1.605160630837887
2.098293867158273 2.135281418972433 1.608266692619734
2.124517506164006 2.125492037943859 1.609974672953794
2.163238841283816 2.117608425333995 1.614513281819642
2.193462692508972 2.108459582307238 1.618467629722422
2.242410879287996 2.119878228967672 1.622049187861430
2.273197127982091 2.122643652518299 1.624514262707327
2.302253415843817 2.117836405815638 1.628970355771345
2.330460655541377 2.108761042469203 1.634224133809121
2.354024014975405 2.104610378091057 1.637667774832086
2.378353549638782 2.100193271302872 1.641380652863008
2.400492138592622 2.093917720394264 1.645055624522308
2.421659282018066 2.084960398875838 1.650597075436598
2.440774453597326 2.075482114796768 1.655326286637903
2.460409030524740 2.073932882736058 1.660948473611178
2.480072213359404 2.065561591088118 1.665774001419790
2.518897754840668 2.044260797642577 1.677333507167135
2.533738130578937 2.031898620968254 1.680270395499343
2.547314563421940 2.022177689014065 1.686531495847646
2.559914810796255 2.008549608210893 1.691763773986634
2.574775229524567 1.997726734710640 1.695218528262205
2.587317034446853 1.981755918844982 1.699413718467246
0.000000000000000 0.000000000000000 0.000000000000000
0.000000000000000 0.000000000000000 0.000000000000000
2.598650290853717 1.974418135880447 1.702902980962828
2.609959552711677 1.963136867807416 1.705432642934205
2.632705705758182 1.933612652125469 1.713373245385777
2.638353454110483 1.916805181204380 1.715492444438587
2.648560512868702 1.908497187502477 1.720188861281226
0.000000000000000 0.000000000000000 0.000000000000000
2.656808229515103 1.896979790251672 1.722454813204745
2.663098891150673 1.885010850008924 1.726627691858731
2.668793187939025 1.871732556784089 1.729023066644731
0.000000000000000 0.000000000000000 0.000000000000000
0.000000000000000 0.000000000000000 0.000000000000000
2.672952617628329 1.859283969192339 1.731938952985192
2.674020545344389 1.843965752958401 1.735462511689779
2.679158821815816 1.832777812514111 1.738484907056514
2.683118929401992 1.804485441512012 1.744670571123077
2.683840038924091 1.789454409301619 1.748444432664072
2.683515144641440 1.777798561172258 1.751277105766900
2.681947329959744 1.763109190016442 1.753755549792850
2.681513033768933 1.747025424598958 1.757543487200159
0.000000000000000 0.000000000000000 0.000000000000000
0.000000000000000 0.000000000000000 0.000000000000000
2.678101984591996 1.706486467948342 1.768077262755206
0.000000000000000 0.000000000000000 0.000000000000000
0.000000000000000 0.000000000000000 0.000000000000000
2.670759541700890 1.676409424658678 1.776287199966322
2.667239283671984 1.662795202892150 1.779176695142559
2.662882420350069 1.647325449380554 1.782545113737048
2.660309203894053 1.634479843988063 1.786265879658322
0.000000000000000 0.000000000000000 0.000000000000000
0.000000000000000 0.000000000000000 0.000000000000000
2.652114606437667 1.624003920143609 1.788824809777964
2.642673091042870 1.608810201273186 1.792093224404026
0.000000000000000 0.000000000000000 0.000000000000000
0.000000000000000 0.000000000000000 0.000000000000000
2.628547206344404 1.580835063462755 1.796287471044820
2.618643106726310 1.567148601761938 1.797820602117819
2.610639476771663 1.552799474323271 1.799259045849004
0.000000000000000 0.000000000000000 0.000000000000000
0.000000000000000 0.000000000000000 0.000000000000000
2.574648054207344 1.509163747503568 1.801395791116891
2.560571193643641 1.498180144081367 1.802758337566964
2.550040707422590 1.483225684554452 1.802653950615501
0.000000000000000 0.000000000000000 0.000000000000000
0.000000000000000 0.000000000000000 0.000000000000000
0.000000000000000 0.000000000000000 0.000000000000000
2.509536759366971 1.445710056714134 1.805121363844624
2.493511636204430 1.424484022189151 1.803897579313871
2.479775788279167 1.415770701182203 1.804352387882331
2.463340237175442 1.399491892523187 1.803410756883719
2.453137663669873 1.387582354561427 1.803813357388270
2.418682802484935 1.362473394119572 1.801378297830257
2.400781690995838 1.350085219059680 1.800130317199373
2.366837584854955 1.325923892063723 1.798188305595546
2.352197871412833 1.311237262791282 1.796098577400800
2.336920918076650 1.299561505208130 1.794024905000595
2.320969383561003 1.287001474378347 1.793429429171664
0.000000000000000 0.000000000000000 0.000000000000000
0.000000000000000 0.000000000000000 0.000000000000000
0.000000000000000 0.000000000000000 0.000000000000000
2.289045355920346 1.265291316212612 1.788564276805358
2.272737205909763 1.250170354987016 1.786895518587780
2.256095185436544 1.240459255385343 1.783621494634094
0.000000000000000 0.000000000000000 0.000000000000000
0.000000000000000 0.000000000000000 0.000000000000000
2.240654521136100 1.228813099311784 1.781610952480672
2.225097876120878 1.216519974408995 1.779476559206610
2.206428847610200 1.203902113666099 1.775696087915382
2.189757355792404 1.191399468359612 1.773015511760606
2.168945200765181 1.182322427766400 1.769778106028988
2.153700099576417 1.169590133007279 1.766103873526645
2.142258655387297 1.162236991674648 1.763155438803669
2.124872266009437 1.149830400290597 1.758822697588951
2.108708602774984 1.138114097859319 1.755006634978516
2.074958971712529 1.116923191738103 1.745858448931610
2.059040810019408 1.117138609374950 1.743584139319916
2.041386711543073 1.093007469545887 1.736053187885439
2.022532958005273 1.082113004945178 1.730278555078160
1.990827146401217 1.062102938933762 1.721818120070041
1.982247686234337 1.053802089408198 1.716027154812228
1.969408644047543 1.046724168782693 1.711128362954532
1.955561533708146 1.035692325708151 1.706343884976167
1.946666835092760 1.028775747628116 1.701247634299101
1.932750146761185 1.018773188676136 1.695817447031519
0.000000000000000 0.000000000000000 0.000000000000000
1.909402577726839 1.003751787873183 1.684560403564981
0.000000000000000 0.000000000000000 0.000000000000000
1.901241063685511 0.995982445886467 1.678280374472073
1.887302934540498 0.987736414813472 1.672690803451193
0.000000000000000 0.000000000000000 0.000000000000000
0.000000000000000 0.000000000000000 0.000000000000000
0.000000000000000 0.000000000000000 0.000000000000000
0.000000000000000 0.000000000000000 0.000000000000000
1.879053086583652 0.981542826264889 1.667988941838186
1.866439568576803 0.971411923760331 1.660259268950438
0.000000000000000 0.000000000000000 0.000000000000000
1.855723816618261 0.963449669395411 1.655392461036391
1.845797485279876 0.957050070500862 1.650619437824992
1.835633543417112 0.948422624073433 1.643560193440283
0.000000000000000 0.000000000000000 0.000000000000000
0.000000000000000 0.000000000000000 0.000000000000000
0.000000000000000 0.000000000000000 0.000000000000000
1.773581590049312 0.915070384761490 1.609642819607600
0.000000000000000 0.000000000000000 0.000000000000000
0.000000000000000 0.000000000000000 0.000000000000000
0.000000000000000 0.000000000000000 0.000000000000000
0.000000000000000 0.000000000000000 0.000000000000000
1.763046253292037 0.911838582130474 1.603822413858131
0.000000000000000 0.000000000000000 0.000000000000000
0.000000000000000 0.000000000000000 0.000000000000000
1.749602698839120 0.905835976672953 1.597934931836580
1.739099327788435 0.900444657260032 1.592936101854312
0.000000000000000 0.000000000000000 0.000000000000000
1.729346363914398 0.895309350214342 1.585591971614837
0.000000000000000 0.000000000000000 0.000000000000000
0.000000000000000 0.000000000000000 0.000000000000000
1.719283254693597 0.890166924750073 1.579332862413216
1.707819933273657 0.887389349555477 1.573930112184480
1.696016112164240 0.882529556636180 1.569049259204232
1.649965795024367 0.865522214664594 1.541572249979025
1.627651586742802 0.859001901728104 1.530075639270682
1.603631857683659 0.852102714673052 1.519845708783051
1.587171471827010 0.847396907923588 1.512670185120368
1.574572283013558 0.846528611126593 1.507108335751186
0.000000000000000 0.000000000000000 0.000000000000000
0.000000000000000 0.000000000000000 0.000000000000000
1.551131361699490 0.841668041216276 1.495471863309143
1.537609095267388 0.839132509141438 1.490127704621519
1.522682797353882 0.836667883316526 1.484984403403191
1.508610079660047 0.833681550645782 1.479471503237217
1.477149125863787 0.827479165883732 1.469657569017629
1.461227328714946 0.826193410341095 1.464960102191005
1.446888504524918 0.824467313364340 1.459564985701221
1.413308945484260 0.820711188980102 1.449713302883014
1.393453653674750 0.818019980759556 1.445128829558277
1.350687318109705 0.814777403090603 1.435102045314774
0.000000000000000 0.000000000000000 0.000000000000000
1.306885208015158 0.814966311466317 1.424379042152905
1.287131704486168 0.814415345109580 1.419752967428851
1.266574180100523 0.814362631149517 1.414816195887726
1.245902757643107 0.816293788782438 1.410165803688850
0.000000000000000 0.000000000000000 0.000000000000000
0.000000000000000 0.000000000000000 0.000000000000000
1.203400349866200 0.818448448783896 1.400766651506099
1.179736762233124 0.820787217230939 1.395333815565517
1.157607670284978 0.822968941837078 1.390609028516331
1.133160247721843 0.823968468161465 1.386507943686816
1.112093443947078 0.827779483318618 1.382093430956965
0.000000000000000 0.000000000000000 0.000000000000000
1.088093289164902 0.832033145628500 1.376767742478126
1.065460821196450 0.835437504591042 1.371953421719923
1.039362481539245 0.839025613040628 1.367168634585020
1.017581447232397 0.844229606883968 1.362779700693176
0.994607650725673 0.847857800296846 1.359045063808380
0.000000000000000 0.000000000000000 0.000000000000000
0.000000000000000 0.000000000000000 0.000000000000000
0.945366119079531 0.856660416598017 1.349376089745019
0.923386327017438 0.865093716015588 1.344214660266305
0.000000000000000 0.000000000000000 0.000000000000000
0.874506116856394 0.868792072401727 1.336260391525496
0.843913421348879 0.877158637787911 1.331278066969664
0.792270020974099 0.884453686403987 1.323294282667398
0.759262488841752 0.889247309897130 1.318711258805139
0.732517166241143 0.892987331006048 1.314213751299560
0.711421347907120 0.903966143314656 1.309746077157744
0.687851078334849 0.907722533162937 1.307033923933209
0.664064061813460 0.910729724006425 1.304908790678346
0.639452705432733 0.916109096390553 1.301141497723485
0.615161608427610 0.920921502170630 1.297673964887142
0.564912119261078 0.923259912513080 1.293395389802478
0.542789810648918 0.927426817749140 1.290050472012700
0.518613048963453 0.931831394108599 1.286173520074691
0.496067973610811 0.936199473208750 1.283373627572202
0.451648583300840 0.942830967777601 1.277604525918271
0.427800387492152 0.945651433417808 1.275185256096726
0.403979775977497 0.948176564473176 1.272517095700056
0.380909696012786 0.953134854589649 1.269276126856721
0.358126153076964 0.956748355649257 1.267459789157451
0.335222500972682 0.960123937447900 1.264847213436061
0.314742463917712 0.964037101579785 1.262829369998441
0.291155337425327 0.966615694189491 1.261051102102047
0.271297169525406 0.971433611349953 1.258113665496137
0.218251502674014 0.970751345075581 1.253576769222131
0.000000000000000 0.000000000000000 0.000000000000000
0.197529939382409 0.974995040809271 1.250495114638909
0.000000000000000 0.000000000000000 0.000000000000000
0.173998919688527 0.977754966380663 1.247912154049485
0.000000000000000 0.000000000000000 0.000000000000000
0.000000000000000 0.000000000000000 0.000000000000000
0.157533624374989 0.986807636677694 1.245742717680596
0.135207737069326 0.992026659613218 1.242095996050070
0.115439275872558 0.994939613124551 1.240260354038919
0.092606178511325 0.999745321918008 1.238210518036106
0.063791333683145 1.001330195481763 1.236067275991687
0.043883361646593 1.005372348435865 1.233353349068561
0.026246847903150 1.004179460311608 1.232225006686979
0.007985165259294 1.009047339727104 1.229686366084566
-0.004156925169463 1.014942296044178 1.226446467570736
-0.018970410175084 1.020672358544333 1.223606314784481
0.000000000000000 0.000000000000000 0.000000000000000
0.000000000000000 0.000000000000000 0.000000000000000
-0.020263405275807 1.041920868630526 1.220057508014386
0.000000000000000 0.000000000000000 0.000000000000000
0.000000000000000 0.000000000000000 0.000000000000000
-0.071810507814133 1.060132662370180 1.207273654722160
-0.091940622686687 1.071736718714724 1.200923990702224
0.000000000000000 0.000000000000000 0.000000000000000
0.000000000000000 0.000000000000000 0.000000000000000
-0.057125179136924 1.066935967907217 1.210877838687000
-0.068483583776110 1.075612996462567 1.206101015313434
0.000000000000000 0.000000000000000 0.000000000000000
-0.071225309292951 1.086426356369898 1.201568059962425
0.000000000000000 0.000000000000000 0.000000000000000
0.000000000000000 0.000000000000000 0.000000000000000
0.000000000000000 0.000000000000000 0.000000000000000
