-0.007848000153899 0.039240002632141 9.605952262878418
-0.133415997028351 -0.009810000658035 9.374436378479004
-0.133415997028351 -0.009810000658035 9.374436378479004
-0.129491999745369 0.054935999214649 9.392094612121582
-0.129491999745369 0.054935999214649 9.392094612121582
-0.045126002281904 0.049049999564886 9.343044281005859
-0.045126002281904 0.049049999564886 9.343044281005859
-0.045126002281904 0.049049999564886 9.343044281005859
-0.182466000318527 0.021581999957561 9.388170242309570
-0.149112001061440 0.029430000111461 9.448991775512695
-0.149112001061440 0.029430000111461 9.448991775512695
-0.119681999087334 0.021581999957561 9.348930358886719
-0.119681999087334 0.021581999957561 9.348930358886719
-0.119681999087334 0.021581999957561 9.348930358886719
-0.168732002377510 0.033353999257088 9.223361968994141
-0.168732002377510 0.033353999257088 9.223361968994141
-0.168732002377510 0.033353999257088 9.223361968994141
-0.168732002377510 0.033353999257088 9.223361968994141
-0.168732002377510 0.033353999257088 9.223361968994141
-0.168732002377510 0.033353999257088 9.223361968994141
-0.064745999872684 0.015696000307798 9.356778144836426
-0.143225997686386 -0.009810000658035 9.390131950378418
-0.223668009042740 0.021581999957561 9.519623756408691
-0.223668009042740 0.021581999957561 9.519623756408691
-0.151073992252350 0.039240002632141 9.523548126220703
-0.180504009127617 -0.005886000115424 9.552977561950684
-0.184427991509438 0.003924000076950 9.568674087524414
-0.184427991509438 0.003924000076950 9.568674087524414
-0.184427991509438 0.003924000076950 9.568674087524414
-0.188352003693581 0.000000000000000 9.590255737304688
-0.184427991509438 -0.045126002281904 9.531395912170410
-0.102024003863335 -0.049049999564886 9.653039932250977
-0.102024003863335 -0.049049999564886 9.653039932250977
-0.092213995754719 -0.009810000658035 9.743291854858398
-0.076517999172211 -0.007848000153899 9.694242477416992
-0.154997989535332 -0.052974000573158 9.870821952819824
-0.154997989535332 -0.052974000573158 9.870821952819824
-0.154997989535332 -0.052974000573158 9.870821952819824
-0.154997989535332 -0.052974000573158 9.870821952819824
-0.154997989535332 -0.052974000573158 9.870821952819824
-0.154997989535332 -0.052974000573158 9.870821952819824
-0.168732002377510 -0.031392000615597 9.917910575866699
-0.078480005264282 -0.009810000658035 9.864935874938965
-0.072594001889229 0.025506000965834 9.947340965270996
-0.039240002632141 0.029430000111461 9.986579895019531
-0.121644005179405 -0.039240002632141 10.061135292053223
-0.078480005264282 -0.035315997898579 10.055250167846680
-0.133415997028351 -0.082403995096684 10.127843856811523
-0.052974000573158 0.007848000153899 10.108223915100098
-0.068670004606247 -0.015696000307798 10.112148284912109
-0.025506000965834 -0.015696000307798 10.114109992980957
-0.021581999957561 -0.019620001316071 10.178856849670410
0.015696000307798 -0.037278000265360 10.153349876403809
0.011772000230849 -0.025506000965834 10.204361915588379
-0.043163999915123 -0.072594001889229 10.196514129638672
-0.037278000265360 -0.054935999214649 10.233792304992676
-0.037278000265360 -0.054935999214649 10.233792304992676
-0.070631995797157 0.005886000115424 10.167083740234375
-0.084366001188755 -0.019620001316071 10.184741973876953
-0.084366001188755 -0.019620001316071 10.184741973876953
-0.078480005264282 -0.066707998514175 10.119996070861816
-0.045126002281904 0.007848000153899 10.070945739746094
-0.052974000573158 -0.051012001931667 10.139616012573242
-0.003924000076950 -0.003924000076950 10.159235954284668
-0.062784001231194 0.068670004606247 10.192590713500977
-0.003924000076950 0.037278000265360 10.141577720642090
-0.009810000658035 0.076517999172211 10.147463798522949
-0.031392000615597 0.009810000658035 10.063097953796387
-0.031392000615597 0.009810000658035 10.063097953796387
0.019620001316071 0.033353999257088 10.094490051269531
0.011772000230849 0.054935999214649 10.169046401977539
-0.005886000115424 0.092213995754719 10.212209701538086
-0.005886000115424 0.092213995754719 10.212209701538086
-0.005886000115424 0.092213995754719 10.212209701538086
-0.005886000115424 0.092213995754719 10.212209701538086
-0.005886000115424 0.092213995754719 10.212209701538086
-0.035315997898579 0.041201997548342 10.214172363281250
-0.043163999915123 0.056897997856140 10.194551467895508
-0.015696000307798 0.029430000111461 10.137654304504395
-0.015696000307798 0.029430000111461 10.137654304504395
-0.015696000307798 0.029430000111461 10.137654304504395
0.017657998949289 -0.025506000965834 10.155311584472656
0.045126002281904 0.049049999564886 10.216133117675781
0.015696000307798 0.025506000965834 10.176894187927246
0.007848000153899 0.117720000445843 10.210247993469238
-0.003924000076950 0.117720000445843 10.202399253845215
-0.027467999607325 0.031392000615597 10.196514129638672
0.000000000000000 0.033353999257088 10.225943565368652
-0.041201997548342 0.035315997898579 10.194551467895508
0.066707998514175 0.015696000307798 10.098413467407227
0.066707998514175 0.015696000307798 10.098413467407227
0.066707998514175 0.015696000307798 10.098413467407227
0.023544000461698 0.035315997898579 10.053287506103516
0.039240002632141 0.025506000965834 10.041515350341797
0.033353999257088 0.056897997856140 9.990503311157227
0.033353999257088 0.056897997856140 9.990503311157227
-0.019620001316071 -0.013733999803662 9.959112167358398
-0.019620001316071 -0.011772000230849 9.998352050781250
-0.064745999872684 0.011772000230849 9.964998245239258
-0.070631995797157 0.023544000461698 9.913985252380371
-0.070631995797157 0.019620001316071 9.913985252380371
-0.070631995797157 0.019620001316071 9.913985252380371
-0.045126002281904 0.054935999214649 9.959112167358398
-0.041201997548342 0.066707998514175 9.786456108093262
-0.054935999214649 0.011772000230849 9.927720069885254
-0.062784001231194 0.000000000000000 10.006199836730957
-0.025506000965834 0.037278000265360 10.061135292053223
-0.068670004606247 0.049049999564886 10.151388168334961
-0.066707998514175 0.003924000076950 10.172969818115234
-0.064745999872684 0.074556000530720 10.184741973876953
-0.084366001188755 0.064745999872684 10.178856849670410
-0.045126002281904 0.084366001188755 10.206324577331543
-0.054935999214649 0.113795995712280 10.161197662353516
-0.084366001188755 0.076517999172211 10.131767272949219
-0.090252004563808 0.031392000615597 10.078794479370117
-0.117720000445843 0.031392000615597 10.043478012084961
-0.117720000445843 0.031392000615597 10.043478012084961
-0.117720000445843 0.031392000615597 10.043478012084961
-0.117720000445843 0.031392000615597 10.043478012084961
-0.117720000445843 0.031392000615597 10.043478012084961
-0.005886000115424 0.074556000530720 9.892403602600098
-0.088289998471737 0.009810000658035 9.700127601623535
-0.088289998471737 0.009810000658035 9.700127601623535
-0.088289998471737 0.009810000658035 9.700127601623535
-0.088289998471737 0.009810000658035 9.700127601623535
-0.098099999129772 0.058860000222921 9.519623756408691
-0.052974000573158 0.031392000615597 9.531395912170410
-0.088289998471737 0.058860000222921 9.537281990051270
-0.088289998471737 0.058860000222921 9.537281990051270
-0.088289998471737 0.058860000222921 9.537281990051270
-0.088289998471737 0.058860000222921 9.537281990051270
-0.178542003035545 0.000000000000000 9.447030067443848
-0.047088000923395 0.027467999607325 9.345005989074707
-0.174617990851402 -0.009810000658035 9.262601852416992
-0.186389997601509 0.000000000000000 9.431333541870117
-0.051012001931667 -0.017657998949289 9.523548126220703
-0.051012001931667 -0.017657998949289 9.523548126220703
-0.160884007811546 -0.049049999564886 9.343044281005859
-0.160884007811546 -0.049049999564886 9.343044281005859
-0.160884007811546 -0.049049999564886 9.343044281005859
-0.160884007811546 -0.049049999564886 9.343044281005859
-0.160884007811546 -0.049049999564886 9.343044281005859
-0.160884007811546 -0.049049999564886 9.343044281005859
-0.064745999872684 0.045126002281904 9.600066184997559
-0.096138000488281 -0.021581999957561 9.527471542358398
-0.086327999830246 0.000000000000000 9.476460456848145
-0.082403995096684 -0.021581999957561 9.513737678527832
-0.082403995096684 -0.021581999957561 9.513737678527832
-0.102024003863335 0.013733999803662 9.627533912658691
-0.092213995754719 0.029430000111461 9.649116516113281
-0.174617990851402 0.023544000461698 9.678545951843262
-0.200124010443687 -0.047088000923395 9.700127601623535
-0.184427991509438 -0.031392000615597 9.627533912658691
-0.178542003035545 0.017657998949289 9.643229484558105
-0.178542003035545 0.009810000658035 9.713861465454102
-0.141263991594315 -0.003924000076950 9.813923835754395
-0.060822002589703 -0.019620001316071 9.690318107604980
-0.111834004521370 0.037278000265360 9.619686126708984
-0.111834004521370 0.037278000265360 9.619686126708984
-0.139302000403404 0.149112001061440 9.706014633178711
-0.139302000403404 0.149112001061440 9.706014633178711
-0.137340009212494 0.125568002462387 9.751140594482422
-0.098099999129772 0.115758001804352 9.810000419616699
-0.151073992252350 0.076517999172211 9.853163719177246
-0.143225997686386 0.011772000230849 9.808038711547852
-0.153035998344421 0.001962000038475 9.682470321655273
-0.257021993398666 0.052974000573158 9.808038711547852
-0.127530008554459 0.029430000111461 9.876708984375000
-0.090252004563808 0.064745999872684 9.827657699584961
-0.154997989535332 0.025506000965834 9.745253562927246
-0.153035998344421 0.023544000461698 9.707976341247559
-0.168732002377510 -0.003924000076950 9.596141815185547
-0.257021993398666 0.066707998514175 9.696204185485840
-0.160884007811546 0.068670004606247 9.721710205078125
-0.258983999490738 0.084366001188755 9.700127601623535
-0.255060017108917 -0.009810000658035 9.594180107116699
-0.211896002292633 0.098099999129772 9.605952262878418
-0.245250001549721 0.054935999214649 9.682470321655273
-0.288414001464844 0.082403995096684 9.804114341735840
-0.217781990766525 0.086327999830246 9.757025718688965
-0.257021993398666 0.111834004521370 9.637344360351562
-0.235440000891685 0.125568002462387 9.704051971435547
-0.168732002377510 0.088289998471737 9.743291854858398
-0.298224002122879 0.039240002632141 9.664812088012695
-0.227591991424561 0.084366001188755 9.605952262878418
-0.355122029781342 0.096138000488281 9.617724418640137
-0.355122029781342 0.096138000488281 9.617724418640137
-0.355122029781342 0.096138000488281 9.617724418640137
-0.145188003778458 0.037278000265360 9.525509834289551
-0.145188003778458 0.037278000265360 9.525509834289551
-0.145188003778458 0.037278000265360 9.525509834289551
-0.364932000637054 0.145188003778458 9.409751892089844
-0.364932000637054 0.145188003778458 9.409751892089844
-0.364932000637054 0.145188003778458 9.409751892089844
-0.364932000637054 0.145188003778458 9.409751892089844
-0.176579996943474 0.080442003905773 9.535320281982422
-0.176579996943474 0.080442003905773 9.535320281982422
-0.176579996943474 0.080442003905773 9.535320281982422
-0.302147984504700 0.178542003035545 9.337158203125000
-0.229553997516632 0.115758001804352 9.556901931762695
-0.225630000233650 0.109871998429298 9.503928184509277
-0.213858008384705 0.145188003778458 9.541205406188965
-0.154997989535332 0.102024003863335 9.625572204589844
-0.198161989450455 0.109871998429298 9.519623756408691
-0.147149994969368 0.076517999172211 9.668735504150391
-0.262907981872559 0.090252004563808 9.552977561950684
-0.211896002292633 0.107909999787807 9.517662048339844
-0.308034002780914 0.098099999129772 9.645192146301270
-0.253098011016846 0.049049999564886 9.543168067932129
-0.194237992167473 0.068670004606247 9.696204185485840
-0.241325989365578 0.084366001188755 9.733482360839844
-0.198161989450455 0.135378003120422 9.753102302551270
-0.280566006898880 0.078480005264282 9.821771621704102
-0.353159993886948 0.102024003863335 9.715824127197266
-0.219743996858597 0.156960010528564 9.823734283447266
-0.219743996858597 0.156960010528564 9.823734283447266
-0.219743996858597 0.156960010528564 9.823734283447266
-0.219743996858597 0.156960010528564 9.823734283447266
-0.309995979070663 0.100062005221844 9.798228263854980
-0.221706002950668 0.121644005179405 9.706014633178711
-0.158922001719475 0.223668009042740 9.904176712036133
-0.272717982530594 0.153035998344421 9.857088088989258
-0.306071996688843 0.121644005179405 9.855126380920410
-0.374741971492767 0.204048007726669 9.882594108581543
-0.233478009700775 0.178542003035545 9.853163719177246
-0.321768015623093 0.143225997686386 9.878669738769531
-0.290376007556915 0.090252004563808 9.890442848205566
-0.296261996030807 0.141263991594315 9.747216224670410
-0.243288010358810 0.151073992252350 9.800189971923828
-0.196199998259544 0.153035998344421 9.778608322143555
-0.253098011016846 0.202086001634598 9.931644439697266
-0.213858008384705 0.151073992252350 9.886517524719238
-0.233478009700775 0.215819999575615 9.808038711547852
-0.233478009700775 0.215819999575615 9.808038711547852
-0.233478009700775 0.215819999575615 9.808038711547852
-0.233478009700775 0.215819999575615 9.808038711547852
-0.233478009700775 0.215819999575615 9.808038711547852
-0.153035998344421 0.196199998259544 9.849239349365234
-0.207971990108490 0.154997989535332 9.731519699096680
-0.202086001634598 0.135378003120422 9.666773796081543
-0.117720000445843 0.190314009785652 9.721710205078125
-0.264870017766953 0.178542003035545 9.758987426757812
-0.141263991594315 0.135378003120422 9.690318107604980
-0.176579996943474 0.135378003120422 9.674621582031250
-0.117720000445843 0.166770011186600 9.623610496520996
-0.147149994969368 0.184427991509438 9.837468147277832
-0.156960010528564 0.204048007726669 9.806076049804688
-0.086327999830246 0.204048007726669 9.800189971923828
-0.147149994969368 0.145188003778458 9.729557991027832
-0.060822002589703 0.206009998917580 9.808038711547852
-0.037278000265360 0.200124010443687 9.915947914123535
-0.035315997898579 0.219743996858597 9.898289680480957
-0.172655999660492 0.213858008384705 9.886517524719238
-0.019620001316071 0.229553997516632 9.921833992004395
-0.082403995096684 0.213858008384705 9.843353271484375
-0.082403995096684 0.213858008384705 9.843353271484375
-0.082403995096684 0.213858008384705 9.843353271484375
-0.082403995096684 0.213858008384705 9.843353271484375
0.001962000038475 0.184427991509438 9.707976341247559
0.066707998514175 0.233478009700775 9.707976341247559
-0.088289998471737 0.235440000891685 9.802151679992676
0.000000000000000 0.225630000233650 9.792342185974121
-0.098099999129772 0.239363998174667 9.819810867309570
0.003924000076950 0.213858008384705 9.770759582519531
-0.029430000111461 0.257021993398666 9.751140594482422
0.000000000000000 0.231516003608704 9.747216224670410
-0.037278000265360 0.202086001634598 9.719748497009277
-0.019620001316071 0.257021993398666 9.704051971435547
-0.021581999957561 0.247212007641792 9.641267776489258
-0.021581999957561 0.247212007641792 9.641267776489258
-0.021581999957561 0.247212007641792 9.641267776489258
-0.011772000230849 0.258983999490738 9.698165893554688
-0.058860000222921 0.213858008384705 9.749177932739258
-0.023544000461698 0.270756006240845 9.792342185974121
0.009810000658035 0.282527983188629 9.815885543823242
0.054935999214649 0.251136004924774 9.806076049804688
0.064745999872684 0.315881997346878 9.786456108093262
0.027467999607325 0.247212007641792 9.749177932739258
0.027467999607325 0.247212007641792 9.749177932739258
0.027467999607325 0.247212007641792 9.749177932739258
-0.017657998949289 0.257021993398666 9.649116516113281
-0.025506000965834 0.300186008214951 9.745253562927246
0.005886000115424 0.243288010358810 9.698165893554688
0.019620001316071 0.266831994056702 9.692279815673828
-0.035315997898579 0.239363998174667 9.558863639831543
0.074556000530720 0.268794000148773 9.670698165893555
0.096138000488281 0.251136004924774 9.717785835266113
0.096138000488281 0.251136004924774 9.717785835266113
0.033353999257088 0.294299989938736 9.788417816162109
0.000000000000000 0.294299989938736 9.743291854858398
0.017657998949289 0.282527983188629 9.768797874450684
0.003924000076950 0.251136004924774 9.751140594482422
-0.029430000111461 0.231516003608704 9.811962127685547
0.113795995712280 0.272717982530594 9.864935874938965
0.033353999257088 0.215819999575615 9.837468147277832
0.058860000222921 0.249173998832703 9.843353271484375
-0.021581999957561 0.241325989365578 9.864935874938965
0.088289998471737 0.245250001549721 9.847278594970703
-0.084366001188755 0.229553997516632 9.841392517089844
0.078480005264282 0.266831994056702 9.892403602600098
0.052974000573158 0.207971990108490 9.857088088989258
0.084366001188755 0.219743996858597 9.835505485534668
0.084366001188755 0.219743996858597 9.835505485534668
0.084366001188755 0.219743996858597 9.835505485534668
0.084366001188755 0.219743996858597 9.835505485534668
0.031392000615597 0.221706002950668 9.919871330261230
0.098099999129772 0.251136004924774 9.892403602600098
-0.027467999607325 0.209934011101723 9.861012458801270
0.019620001316071 0.237401992082596 9.804114341735840
0.019620001316071 0.237401992082596 9.804114341735840
0.019620001316071 0.237401992082596 9.804114341735840
0.019620001316071 0.237401992082596 9.804114341735840
0.019620001316071 0.237401992082596 9.804114341735840
0.094176001846790 0.211896002292633 9.827657699584961
0.054935999214649 0.204048007726669 9.778608322143555
0.041201997548342 0.229553997516632 9.861012458801270
0.033353999257088 0.202086001634598 9.770759582519531
0.047088000923395 0.121644005179405 9.772722244262695
0.102024003863335 0.223668009042740 9.933605194091797
0.102024003863335 0.223668009042740 9.933605194091797
0.102024003863335 0.223668009042740 9.933605194091797
0.102024003863335 0.223668009042740 9.933605194091797
0.003924000076950 0.164807990193367 9.839429855346680
0.127530008554459 0.198161989450455 9.902214050292969
0.082403995096684 0.206009998917580 9.906137466430664
0.009810000658035 0.188352003693581 9.915947914123535
0.009810000658035 0.188352003693581 9.915947914123535
0.009810000658035 0.188352003693581 9.915947914123535
0.103985995054245 0.188352003693581 9.943415641784668
0.103985995054245 0.188352003693581 9.943415641784668
0.103985995054245 0.188352003693581 9.943415641784668
0.103985995054245 0.188352003693581 9.943415641784668
0.103985995054245 0.188352003693581 9.943415641784668
0.103985995054245 0.188352003693581 9.943415641784668
0.103985995054245 0.188352003693581 9.943415641784668
0.103985995054245 0.188352003693581 9.943415641784668
0.103985995054245 0.188352003693581 9.943415641784668
0.103985995054245 0.188352003693581 9.943415641784668
0.103985995054245 0.188352003693581 9.943415641784668
0.103985995054245 0.188352003693581 9.943415641784668
0.154997989535332 0.156960010528564 9.880632400512695
0.092213995754719 0.109871998429298 9.861012458801270
0.176579996943474 0.151073992252350 9.974808692932129
0.149112001061440 0.153035998344421 9.827657699584961
0.111834004521370 0.098099999129772 9.749177932739258
0.098099999129772 0.098099999129772 9.892403602600098
0.117720000445843 0.105948001146317 9.866898536682129
0.176579996943474 0.066707998514175 9.837468147277832
0.135378003120422 0.007848000153899 9.751140594482422
0.103985995054245 0.029430000111461 9.874746322631836
0.162845999002457 0.015696000307798 9.884555816650391
0.149112001061440 0.049049999564886 9.876708984375000
0.204048007726669 0.001962000038475 9.835505485534668
0.154997989535332 0.025506000965834 9.745253562927246
0.186389997601509 0.011772000230849 9.802151679992676
0.180504009127617 0.019620001316071 9.768797874450684
0.180504009127617 0.019620001316071 9.768797874450684
0.180504009127617 0.019620001316071 9.768797874450684
0.156960010528564 0.019620001316071 9.788417816162109
0.239363998174667 0.070631995797157 9.878669738769531
0.272717982530594 0.037278000265360 9.745253562927246
0.174617990851402 0.074556000530720 9.751140594482422
0.235440000891685 0.043163999915123 9.782531738281250
0.180504009127617 0.025506000965834 9.727595329284668
0.178542003035545 -0.049049999564886 9.658926010131836
0.180504009127617 -0.052974000573158 9.680508613586426
0.237401992082596 -0.035315997898579 9.678545951843262
0.137340009212494 -0.027467999607325 9.731519699096680
0.092213995754719 0.025506000965834 9.745253562927246
0.115758001804352 0.029430000111461 9.833544731140137
0.115758001804352 0.031392000615597 9.835505485534668
0.103985995054245 0.001962000038475 9.774683952331543
0.039240002632141 0.058860000222921 9.910061836242676
0.137340009212494 0.084366001188755 9.882594108581543
0.082403995096684 0.076517999172211 9.813923835754395
0.041201997548342 0.052974000573158 9.743291854858398
-0.017657998949289 0.009810000658035 9.653039932250977
-0.025506000965834 0.054935999214649 9.780570030212402
0.023544000461698 -0.025506000965834 9.778608322143555
-0.003924000076950 -0.005886000115424 9.741330146789551
-0.039240002632141 -0.003924000076950 9.702090263366699
-0.031392000615597 -0.005886000115424 9.788417816162109
0.019620001316071 -0.001962000038475 9.798228263854980
0.051012001931667 0.031392000615597 9.772722244262695
-0.013733999803662 0.029430000111461 9.831582069396973
-0.001962000038475 0.025506000965834 9.902214050292969
-0.029430000111461 0.082403995096684 9.898289680480957
-0.011772000230849 0.068670004606247 9.964998245239258
-0.162845999002457 0.031392000615597 9.986579895019531
-0.103985995054245 0.064745999872684 10.012085914611816
-0.103985995054245 0.064745999872684 10.012085914611816
-0.094176001846790 0.076517999172211 10.008162498474121
-0.060822002589703 0.078480005264282 9.961074829101562
-0.060822002589703 0.043163999915123 9.990503311157227
-0.076517999172211 0.027467999607325 9.988542556762695
-0.119681999087334 0.033353999257088 10.029744148254395
-0.045126002281904 0.005886000115424 10.082717895507812
-0.080442003905773 0.047088000923395 10.041515350341797
-0.084366001188755 0.023544000461698 10.008162498474121
-0.164807990193367 0.000000000000000 10.006199836730957
-0.139302000403404 -0.023544000461698 9.980693817138672
-0.154997989535332 -0.027467999607325 10.053287506103516
-0.049049999564886 0.000000000000000 10.031706809997559
-0.072594001889229 -0.011772000230849 9.974808692932129
-0.074556000530720 -0.033353999257088 9.902214050292969
-0.200124010443687 -0.054935999214649 9.955187797546387
-0.164807990193367 -0.064745999872684 9.951264381408691
-0.164807990193367 0.007848000153899 9.990503311157227
-0.084366001188755 0.000000000000000 10.008162498474121
-0.084366001188755 0.000000000000000 10.008162498474121
-0.084366001188755 0.000000000000000 10.008162498474121
-0.135378003120422 -0.045126002281904 10.019933700561523
-0.164807990193367 0.021581999957561 10.045440673828125
-0.088289998471737 0.037278000265360 10.053287506103516
-0.139302000403404 0.005886000115424 10.068984031677246
-0.098099999129772 0.011772000230849 10.017971038818359
-0.094176001846790 0.049049999564886 10.029744148254395
-0.058860000222921 0.027467999607325 10.178856849670410
-0.088289998471737 0.056897997856140 10.157274246215820
-0.025506000965834 0.015696000307798 10.104299545288086
-0.025506000965834 0.015696000307798 10.104299545288086
-0.025506000965834 0.015696000307798 10.104299545288086
-0.056897997856140 0.037278000265360 10.088603019714355
-0.068670004606247 0.001962000038475 10.047401428222656
-0.129491999745369 0.029430000111461 10.088603019714355
-0.107909999787807 0.000000000000000 10.110185623168945
-0.121644005179405 0.035315997898579 10.061135292053223
-0.154997989535332 0.031392000615597 10.053287506103516
-0.092213995754719 0.011772000230849 10.031706809997559
-0.190314009785652 -0.001962000038475 10.031706809997559
-0.137340009212494 0.068670004606247 10.180817604064941
-0.100062005221844 0.060822002589703 10.070945739746094
-0.070631995797157 0.027467999607325 10.037591934204102
-0.176579996943474 -0.013733999803662 9.959112167358398
-0.182466000318527 0.031392000615597 10.080756187438965
-0.066707998514175 0.047088000923395 10.023858070373535
-0.066707998514175 0.047088000923395 10.023858070373535
-0.066707998514175 0.047088000923395 10.023858070373535
-0.066707998514175 0.047088000923395 10.023858070373535
-0.060822002589703 0.029430000111461 9.919871330261230
-0.172655999660492 0.017657998949289 10.021896362304688
-0.180504009127617 -0.013733999803662 10.014047622680664
-0.158922001719475 0.033353999257088 9.992465972900391
-0.084366001188755 0.074556000530720 9.953226089477539
-0.127530008554459 0.039240002632141 9.953226089477539
-0.127530008554459 0.039240002632141 9.953226089477539
-0.127530008554459 0.039240002632141 9.953226089477539
-0.127530008554459 0.039240002632141 9.953226089477539
-0.166770011186600 0.056897997856140 10.014047622680664
-0.166770011186600 0.056897997856140 10.014047622680664
-0.166770011186600 0.056897997856140 10.014047622680664
-0.166770011186600 0.056897997856140 10.014047622680664
-0.166770011186600 0.056897997856140 10.014047622680664
-0.166770011186600 0.056897997856140 10.014047622680664
-0.153035998344421 0.109871998429298 10.000313758850098
-0.153035998344421 0.109871998429298 10.000313758850098
-0.153035998344421 0.109871998429298 10.000313758850098
-0.153035998344421 0.109871998429298 10.000313758850098
-0.153035998344421 0.109871998429298 10.000313758850098
-0.153035998344421 0.109871998429298 10.000313758850098
-0.153035998344421 0.109871998429298 10.000313758850098
-0.153035998344421 0.109871998429298 10.000313758850098
-0.086327999830246 0.094176001846790 9.978732109069824
-0.098099999129772 0.072594001889229 9.964998245239258
-0.192276000976562 0.096138000488281 9.996390342712402
-0.117720000445843 0.076517999172211 10.012085914611816
-0.070631995797157 0.090252004563808 10.017971038818359
-0.131453990936279 0.094176001846790 10.037591934204102
-0.107909999787807 0.141263991594315 10.039553642272949
-0.084366001188755 0.158922001719475 10.017971038818359
-0.068670004606247 0.080442003905773 10.084679603576660
-0.068670004606247 0.080442003905773 10.084679603576660
-0.068670004606247 0.080442003905773 10.084679603576660
-0.156960010528564 0.078480005264282 9.943415641784668
-0.117720000445843 0.121644005179405 9.939492225646973
-0.180504009127617 -0.064745999872684 9.876708984375000
-0.119681999087334 0.103985995054245 9.888480186462402
-0.174617990851402 0.094176001846790 9.800189971923828
-0.174617990851402 0.094176001846790 9.800189971923828
-0.174617990851402 0.094176001846790 9.800189971923828
-0.207971990108490 0.066707998514175 9.839429855346680
-0.207971990108490 0.066707998514175 9.839429855346680
-0.125568002462387 0.158922001719475 9.890442848205566
-0.223668009042740 0.145188003778458 9.847278594970703
-0.147149994969368 0.115758001804352 9.837468147277832
-0.074556000530720 0.194237992167473 9.733482360839844
-0.170694008469582 0.162845999002457 9.619686126708984
-0.149112001061440 0.086327999830246 9.419562339782715
-0.217781990766525 0.109871998429298 9.443105697631836
-0.129491999745369 0.153035998344421 9.441143989562988
-0.253098011016846 0.153035998344421 9.492156028747559
-0.239363998174667 0.098099999129772 9.439182281494141
-0.141263991594315 0.115758001804352 9.462726593017578
-0.141263991594315 0.115758001804352 9.462726593017578
-0.141263991594315 0.115758001804352 9.462726593017578
-0.141263991594315 0.115758001804352 9.462726593017578
-0.141263991594315 0.115758001804352 9.462726593017578
-0.141263991594315 0.115758001804352 9.462726593017578
-0.190314009785652 0.068670004606247 9.570635795593262
-0.247212007641792 0.076517999172211 9.464688301086426
-0.235440000891685 0.135378003120422 9.507852554321289
-0.235440000891685 0.135378003120422 9.507852554321289
-0.235440000891685 0.135378003120422 9.507852554321289
-0.362969994544983 0.123606003820896 9.600066184997559
-0.274680018424988 0.109871998429298 9.615761756896973
-0.274680018424988 0.109871998429298 9.615761756896973
-0.274680018424988 0.109871998429298 9.615761756896973
-0.249173998832703 0.219743996858597 9.688356399536133
-0.394362002611160 0.076517999172211 9.743291854858398
-0.343349993228912 0.043163999915123 9.698165893554688
-0.343349993228912 0.043163999915123 9.698165893554688
-0.343349993228912 0.043163999915123 9.698165893554688
-0.286451995372772 0.117720000445843 9.876708984375000
-0.311958014965057 0.098099999129772 9.808038711547852
-0.341388016939163 0.076517999172211 9.760950088500977
-0.406134009361267 0.123606003820896 9.884555816650391
-0.300186008214951 0.094176001846790 9.772722244262695
-0.388475984334946 0.121644005179405 9.613800048828125
-0.309995979070663 0.178542003035545 9.882594108581543
-0.309995979070663 0.178542003035545 9.882594108581543
-0.309995979070663 0.178542003035545 9.882594108581543
-0.433602005243301 0.111834004521370 9.837468147277832
-0.311958014965057 0.033353999257088 10.092528343200684
-0.396323978900909 0.027467999607325 9.833544731140137
-0.372779995203018 0.107909999787807 9.857088088989258
-0.335502028465271 0.154997989535332 9.890442848205566
-0.345311999320984 0.054935999214649 9.890442848205566
-0.262907981872559 0.056897997856140 9.939492225646973
-0.353159993886948 0.086327999830246 9.880632400512695
-0.266831994056702 0.145188003778458 10.019933700561523
-0.278604000806808 0.145188003778458 10.063097953796387
-0.361008018255234 0.133415997028351 10.063097953796387
-0.247212007641792 0.107909999787807 10.014047622680664
-0.317844003438950 0.062784001231194 9.917910575866699
-0.306071996688843 0.133415997028351 10.006199836730957
-0.223668009042740 0.188352003693581 9.998352050781250
-0.290376007556915 0.196199998259544 10.045440673828125
-0.211896002292633 0.225630000233650 10.125882148742676
-0.192276000976562 0.098099999129772 9.980693817138672
-0.164807990193367 0.113795995712280 9.910061836242676
-0.296261996030807 0.188352003693581 9.843353271484375
-0.176579996943474 0.264870017766953 9.825695991516113
-0.253098011016846 0.209934011101723 9.723671913146973
-0.160884007811546 0.164807990193367 9.576521873474121
-0.221706002950668 0.176579996943474 9.609875679016113
-0.100062005221844 0.190314009785652 9.637344360351562
-0.100062005221844 0.190314009785652 9.637344360351562
-0.100062005221844 0.190314009785652 9.637344360351562
-0.206009998917580 0.292337983846664 9.753102302551270
-0.137340009212494 0.251136004924774 9.749177932739258
-0.204048007726669 0.156960010528564 9.629495620727539
-0.109871998429298 0.268794000148773 9.653039932250977
-0.217781990766525 0.270756006240845 9.698165893554688
-0.217781990766525 0.270756006240845 9.698165893554688
-0.066707998514175 0.235440000891685 9.757025718688965
-0.182466000318527 0.282527983188629 9.827657699584961
-0.117720000445843 0.284489989280701 9.913985252380371
-0.117720000445843 0.284489989280701 9.913985252380371
-0.117720000445843 0.284489989280701 9.913985252380371
-0.125568002462387 0.260946005582809 9.845315933227539
-0.058860000222921 0.286451995372772 9.947340965270996
-0.121644005179405 0.257021993398666 9.896327972412109
-0.068670004606247 0.288414001464844 9.859049797058105
-0.119681999087334 0.278604000806808 9.890442848205566
0.003924000076950 0.213858008384705 9.815885543823242
-0.080442003905773 0.227591991424561 9.862973213195801
-0.045126002281904 0.209934011101723 9.774683952331543
-0.045126002281904 0.209934011101723 9.774683952331543
-0.045126002281904 0.209934011101723 9.774683952331543
-0.074556000530720 0.211896002292633 9.751140594482422
-0.074556000530720 0.211896002292633 9.751140594482422
-0.074556000530720 0.211896002292633 9.751140594482422
-0.098099999129772 0.243288010358810 9.776645660400391
-0.023544000461698 0.211896002292633 9.864935874938965
-0.037278000265360 0.227591991424561 9.778608322143555
-0.031392000615597 0.290376007556915 9.780570030212402
-0.031392000615597 0.290376007556915 9.780570030212402
-0.031392000615597 0.290376007556915 9.780570030212402
0.000000000000000 0.239363998174667 9.645192146301270
-0.056897997856140 0.227591991424561 9.641267776489258
-0.056897997856140 0.227591991424561 9.641267776489258
-0.056897997856140 0.227591991424561 9.641267776489258
-0.007848000153899 0.198161989450455 9.552977561950684
0.003924000076950 0.174617990851402 9.480383872985840
0.029430000111461 0.253098011016846 9.539243698120117
0.029430000111461 0.253098011016846 9.539243698120117
0.029430000111461 0.253098011016846 9.539243698120117
-0.021581999957561 0.239363998174667 9.645192146301270
0.003924000076950 0.296261996030807 9.688356399536133
0.039240002632141 0.251136004924774 9.733482360839844
0.039240002632141 0.251136004924774 9.733482360839844
0.039240002632141 0.251136004924774 9.733482360839844
0.039240002632141 0.251136004924774 9.733482360839844
-0.019620001316071 0.182466000318527 9.645192146301270
0.068670004606247 0.196199998259544 9.639306068420410
-0.031392000615597 0.186389997601509 9.570635795593262
0.033353999257088 0.192276000976562 9.588294029235840
0.031392000615597 0.184427991509438 9.531395912170410
0.078480005264282 0.160884007811546 9.588294029235840
-0.076517999172211 0.145188003778458 9.613800048828125
0.031392000615597 0.176579996943474 9.603989601135254
0.100062005221844 0.282527983188629 9.643229484558105
0.015696000307798 0.233478009700775 9.590255737304688
0.045126002281904 0.284489989280701 9.692279815673828
0.045126002281904 0.284489989280701 9.692279815673828
0.045126002281904 0.284489989280701 9.692279815673828
0.045126002281904 0.284489989280701 9.692279815673828
0.013733999803662 0.196199998259544 9.617724418640137
0.105948001146317 0.239363998174667 9.698165893554688
0.066707998514175 0.239363998174667 9.709938049316406
0.066707998514175 0.239363998174667 9.709938049316406
0.066707998514175 0.239363998174667 9.709938049316406
0.051012001931667 0.257021993398666 9.729557991027832
0.094176001846790 0.200124010443687 9.670698165893555
0.113795995712280 0.200124010443687 9.639306068420410
0.102024003863335 0.170694008469582 9.680508613586426
0.054935999214649 0.139302000403404 9.605952262878418
0.052974000573158 0.186389997601509 9.639306068420410
0.056897997856140 0.153035998344421 9.580446243286133
0.043163999915123 0.172655999660492 9.631458282470703
0.041201997548342 0.147149994969368 9.517662048339844
0.076517999172211 0.153035998344421 9.592218399047852
-0.015696000307798 0.219743996858597 9.619686126708984
0.111834004521370 0.198161989450455 9.598103523254395
-0.035315997898579 0.182466000318527 9.670698165893555
-0.084366001188755 0.207971990108490 9.678545951843262
0.115758001804352 0.186389997601509 9.725633621215820
0.017657998949289 0.198161989450455 9.717785835266113
-0.015696000307798 0.153035998344421 9.749177932739258
0.109871998429298 0.184427991509438 9.792342185974121
-0.041201997548342 0.154997989535332 9.743291854858398
-0.041201997548342 0.154997989535332 9.743291854858398
-0.027467999607325 0.111834004521370 9.584369659423828
-0.027467999607325 0.111834004521370 9.584369659423828
0.015696000307798 0.100062005221844 9.623610496520996
0.074556000530720 0.160884007811546 9.627533912658691
0.074556000530720 0.160884007811546 9.627533912658691
0.074556000530720 0.160884007811546 9.627533912658691
0.074556000530720 0.160884007811546 9.627533912658691
0.074556000530720 0.160884007811546 9.627533912658691
-0.015696000307798 0.207971990108490 9.653039932250977
0.049049999564886 0.206009998917580 9.729557991027832
0.049049999564886 0.206009998917580 9.729557991027832
0.096138000488281 0.219743996858597 9.764874458312988
-0.056897997856140 0.249173998832703 9.841392517089844
0.080442003905773 0.217781990766525 9.896327972412109
0.080442003905773 0.217781990766525 9.896327972412109
0.080442003905773 0.217781990766525 9.896327972412109
0.080442003905773 0.217781990766525 9.896327972412109
0.078480005264282 0.149112001061440 9.813923835754395
0.078480005264282 0.149112001061440 9.813923835754395
0.078480005264282 0.149112001061440 9.813923835754395
0.078480005264282 0.149112001061440 9.813923835754395
0.078480005264282 0.149112001061440 9.813923835754395
-0.009810000658035 0.013733999803662 9.745253562927246
-0.009810000658035 0.013733999803662 9.745253562927246
-0.009810000658035 0.013733999803662 9.745253562927246
0.062784001231194 0.094176001846790 9.758987426757812
0.027467999607325 0.100062005221844 9.706014633178711
0.027467999607325 0.100062005221844 9.706014633178711
0.000000000000000 0.102024003863335 9.680508613586426
0.000000000000000 0.102024003863335 9.680508613586426
0.000000000000000 0.102024003863335 9.680508613586426
0.017657998949289 0.143225997686386 9.733482360839844
0.064745999872684 0.145188003778458 9.694242477416992
-0.076517999172211 0.172655999660492 9.882594108581543
0.125568002462387 0.149112001061440 10.035630226135254
0.049049999564886 0.147149994969368 9.900251388549805
0.037278000265360 0.125568002462387 9.923795700073242
0.156960010528564 0.102024003863335 9.833544731140137
0.074556000530720 0.051012001931667 9.804114341735840
0.074556000530720 0.051012001931667 9.804114341735840
0.074556000530720 0.051012001931667 9.804114341735840
0.064745999872684 0.125568002462387 9.817848205566406
0.076517999172211 0.066707998514175 9.784493446350098
0.113795995712280 0.117720000445843 9.757025718688965
0.035315997898579 0.078480005264282 9.782531738281250
0.039240002632141 0.109871998429298 9.968921661376953
0.039240002632141 0.119681999087334 9.963035583496094
0.098099999129772 0.135378003120422 9.947340965270996
0.170694008469582 0.131453990936279 9.900251388549805
0.153035998344421 0.131453990936279 9.945378303527832
0.049049999564886 0.080442003905773 9.968921661376953
0.049049999564886 0.080442003905773 9.968921661376953
0.080442003905773 0.041201997548342 9.884555816650391
0.080442003905773 0.045126002281904 9.855126380920410
0.056897997856140 0.072594001889229 9.904176712036133
0.105948001146317 0.037278000265360 9.902214050292969
0.105948001146317 0.037278000265360 9.902214050292969
0.105948001146317 0.037278000265360 9.902214050292969
0.188352003693581 0.070631995797157 9.878669738769531
0.125568002462387 0.051012001931667 9.886517524719238
0.129491999745369 0.019620001316071 9.851202011108398
0.037278000265360 0.052974000573158 9.857088088989258
0.111834004521370 0.058860000222921 9.868860244750977
0.111834004521370 0.058860000222921 9.868860244750977
0.141263991594315 0.096138000488281 9.878669738769531
0.172655999660492 0.052974000573158 9.810000419616699
0.156960010528564 0.080442003905773 9.810000419616699
0.117720000445843 0.031392000615597 9.851202011108398
0.007848000153899 0.005886000115424 9.843353271484375
0.007848000153899 0.005886000115424 9.843353271484375
0.007848000153899 0.005886000115424 9.843353271484375
0.082403995096684 -0.039240002632141 9.804114341735840
0.184427991509438 -0.045126002281904 9.821771621704102
0.184427991509438 -0.045126002281904 9.821771621704102
0.182466000318527 0.023544000461698 9.866898536682129
0.090252004563808 -0.102024003863335 9.874746322631836
0.094176001846790 0.027467999607325 9.935567855834961
0.113795995712280 0.068670004606247 9.957149505615234
0.164807990193367 0.072594001889229 9.953226089477539
0.100062005221844 0.074556000530720 9.992465972900391
0.174617990851402 0.070631995797157 9.917910575866699
0.041201997548342 0.023544000461698 9.941453933715820
0.094176001846790 0.023544000461698 9.915947914123535
0.117720000445843 -0.031392000615597 9.894366264343262
0.127530008554459 -0.017657998949289 9.800189971923828
0.031392000615597 -0.009810000658035 9.790380477905273
0.082403995096684 -0.054935999214649 9.859049797058105
0.088289998471737 0.021581999957561 9.866898536682129
0.119681999087334 0.103985995054245 9.913985252380371
0.141263991594315 0.102024003863335 9.853163719177246
0.103985995054245 0.088289998471737 9.912024497985840
0.149112001061440 0.115758001804352 9.896327972412109
0.209934011101723 0.049049999564886 9.768797874450684
0.052974000573158 0.043163999915123 9.786456108093262
0.100062005221844 0.041201997548342 9.874746322631836
0.068670004606247 0.094176001846790 9.902214050292969
0.164807990193367 0.149112001061440 9.888480186462402
0.094176001846790 0.096138000488281 9.794303894042969
0.094176001846790 0.096138000488281 9.794303894042969
0.102024003863335 0.094176001846790 9.825695991516113
0.102024003863335 0.094176001846790 9.825695991516113
0.178542003035545 0.039240002632141 9.784493446350098
0.178542003035545 0.039240002632141 9.784493446350098
0.178542003035545 0.039240002632141 9.784493446350098
0.103985995054245 0.005886000115424 9.755064010620117
0.088289998471737 0.062784001231194 9.806076049804688
0.102024003863335 0.049049999564886 9.898289680480957
0.111834004521370 0.076517999172211 9.929681777954102
0.188352003693581 0.092213995754719 9.947340965270996
0.153035998344421 0.129491999745369 9.933605194091797
0.145188003778458 0.072594001889229 9.872783660888672
0.080442003905773 0.135378003120422 9.904176712036133
0.133415997028351 0.094176001846790 9.843353271484375
0.072594001889229 0.051012001931667 9.800189971923828
0.072594001889229 0.051012001931667 9.800189971923828
0.072594001889229 0.051012001931667 9.800189971923828
0.080442003905773 0.090252004563808 9.755064010620117
0.080442003905773 0.090252004563808 9.755064010620117
0.080442003905773 0.090252004563808 9.755064010620117
0.009810000658035 0.029430000111461 9.776645660400391
0.035315997898579 -0.005886000115424 9.713861465454102
0.035315997898579 -0.005886000115424 9.713861465454102
0.035315997898579 -0.005886000115424 9.713861465454102
-0.103985995054245 -0.019620001316071 9.739368438720703
-0.019620001316071 -0.017657998949289 9.794303894042969
-0.019620001316071 -0.017657998949289 9.794303894042969
-0.029430000111461 0.009810000658035 9.778608322143555
-0.029430000111461 0.009810000658035 9.778608322143555
-0.029430000111461 0.009810000658035 9.778608322143555
-0.029430000111461 0.009810000658035 9.778608322143555
