-0.096000000834465 -0.104000002145767 -0.002000000094995
0.054000001400709 -0.109999999403954 -0.014000000432134
0.054000001400709 -0.109999999403954 -0.014000000432134
-0.087999999523163 -0.028000000864267 -0.034000001847744
-0.087999999523163 -0.028000000864267 -0.034000001847744
-0.021999999880791 -0.048000000417233 -0.016000000759959
-0.021999999880791 -0.048000000417233 -0.016000000759959
-0.021999999880791 -0.048000000417233 -0.016000000759959
0.012000000104308 0.009999999776483 -0.012000000104308
0.004000000189990 -0.087999999523163 0.000000000000000
0.004000000189990 -0.087999999523163 0.000000000000000
-0.083999998867512 -0.070000000298023 -0.002000000094995
-0.083999998867512 -0.070000000298023 -0.002000000094995
-0.083999998867512 -0.070000000298023 -0.002000000094995
0.054000001400709 0.028000000864267 -0.054000001400709
0.054000001400709 0.028000000864267 -0.054000001400709
0.054000001400709 0.028000000864267 -0.054000001400709
0.054000001400709 0.028000000864267 -0.054000001400709
0.054000001400709 0.028000000864267 -0.054000001400709
0.054000001400709 0.028000000864267 -0.054000001400709
0.137999996542931 0.050000000745058 -0.050000000745058
0.079999998211861 -0.004000000189990 -0.037999998778105
0.075999997556210 -0.238000005483627 -0.037999998778105
0.075999997556210 -0.238000005483627 -0.037999998778105
0.024000000208616 -0.398000001907349 -0.024000000208616
-0.016000000759959 -0.317999988794327 -0.009999999776483
0.068000003695488 -0.365999996662140 -0.008000000379980
0.068000003695488 -0.365999996662140 -0.008000000379980
0.068000003695488 -0.365999996662140 -0.008000000379980
-0.002000000094995 -0.456000000238419 0.019999999552965
0.056000001728535 -0.405999988317490 0.029999999329448
0.128000006079674 -0.246000006794930 0.034000001847744
0.128000006079674 -0.246000006794930 0.034000001847744
0.131999999284744 -0.070000000298023 0.056000001728535
0.178000003099442 -0.057999998331070 0.064000003039837
0.200000002980232 -0.006000000052154 0.071999996900558
0.200000002980232 -0.006000000052154 0.071999996900558
0.200000002980232 -0.006000000052154 0.071999996900558
0.200000002980232 -0.006000000052154 0.071999996900558
0.200000002980232 -0.006000000052154 0.071999996900558
0.200000002980232 -0.006000000052154 0.071999996900558
0.214000001549721 -0.075999997556210 0.071999996900558
0.239999994635582 -0.032000001519918 0.070000000298023
0.150000005960464 0.026000000536442 0.079999998211861
0.250000000000000 0.012000000104308 0.065999999642372
0.250000000000000 0.037999998778105 0.104000002145767
0.115999996662140 0.129999995231628 0.054000001400709
0.037999998778105 0.192000001668930 0.017999999225140
-0.012000000104308 0.136000007390976 0.028000000864267
0.006000000052154 0.100000001490116 0.008000000379980
-0.002000000094995 0.068000003695488 -0.004000000189990
-0.004000000189990 0.041999999433756 -0.039999999105930
0.057999998331070 0.136000007390976 -0.029999999329448
0.046000000089407 0.165999993681908 -0.059999998658895
-0.012000000104308 0.181999996304512 -0.054000001400709
0.008000000379980 0.194000005722046 -0.021999999880791
0.008000000379980 0.194000005722046 -0.021999999880791
-0.244000002741814 0.172000005841255 -0.017999999225140
-0.126000002026558 0.159999996423721 -0.026000000536442
-0.126000002026558 0.159999996423721 -0.026000000536442
-0.122000001370907 0.165999993681908 -0.035999998450279
-0.131999999284744 0.184000000357628 -0.037999998778105
-0.090000003576279 0.140000000596046 -0.065999999642372
-0.100000001490116 0.092000000178814 -0.054000001400709
-0.137999996542931 0.079999998211861 -0.056000001728535
-0.075999997556210 0.043999999761581 -0.028000000864267
-0.050000000745058 -0.006000000052154 -0.035999998450279
0.014000000432134 -0.039999999105930 -0.029999999329448
0.014000000432134 -0.039999999105930 -0.029999999329448
-0.032000001519918 0.014000000432134 -0.034000001847744
-0.057999998331070 0.050000000745058 -0.028000000864267
-0.008000000379980 0.068000003695488 -0.004000000189990
-0.008000000379980 0.068000003695488 -0.004000000189990
-0.008000000379980 0.068000003695488 -0.004000000189990
-0.008000000379980 0.068000003695488 -0.004000000189990
-0.008000000379980 0.068000003695488 -0.004000000189990
0.002000000094995 0.209999993443489 0.004000000189990
0.029999999329448 0.189999997615814 -0.006000000052154
0.119999997317791 0.129999995231628 -0.016000000759959
0.119999997317791 0.129999995231628 -0.016000000759959
0.119999997317791 0.129999995231628 -0.016000000759959
0.065999999642372 0.059999998658895 -0.006000000052154
-0.074000000953674 0.050000000745058 0.004000000189990
-0.009999999776483 0.043999999761581 0.000000000000000
0.061999998986721 0.014000000432134 0.024000000208616
0.017999999225140 0.012000000104308 0.024000000208616
0.075999997556210 0.056000001728535 0.017999999225140
0.136000007390976 0.175999999046326 0.014000000432134
0.100000001490116 0.180000007152557 0.009999999776483
0.068000003695488 0.189999997615814 0.021999999880791
0.068000003695488 0.189999997615814 0.021999999880791
0.068000003695488 0.189999997615814 0.021999999880791
0.014000000432134 0.239999994635582 0.016000000759959
0.048000000417233 0.211999997496605 0.006000000052154
-0.008000000379980 0.172000005841255 0.008000000379980
-0.008000000379980 0.172000005841255 0.008000000379980
-0.006000000052154 0.092000000178814 -0.006000000052154
0.021999999880791 0.054000001400709 -0.008000000379980
0.002000000094995 -0.028000000864267 0.008000000379980
0.014000000432134 -0.043999999761581 0.019999999552965
-0.046000000089407 -0.070000000298023 0.024000000208616
-0.046000000089407 -0.070000000298023 0.024000000208616
-0.119999997317791 -0.247999995946884 0.000000000000000
-0.100000001490116 -0.335999995470047 0.000000000000000
-0.184000000357628 -0.252000004053116 0.017999999225140
-0.134000003337860 -0.222000002861023 0.014000000432134
-0.079999998211861 -0.165999993681908 -0.016000000759959
-0.086000002920628 -0.156000003218651 0.008000000379980
-0.039999999105930 -0.136000007390976 -0.019999999552965
-0.068000003695488 -0.159999996423721 -0.009999999776483
-0.064000003039837 -0.170000001788139 0.000000000000000
-0.043999999761581 -0.192000001668930 0.009999999776483
-0.034000001847744 -0.214000001549721 -0.002000000094995
0.014000000432134 -0.224000006914139 0.000000000000000
0.039999999105930 -0.134000003337860 0.008000000379980
0.134000003337860 -0.056000001728535 0.000000000000000
0.134000003337860 -0.056000001728535 0.000000000000000
0.134000003337860 -0.056000001728535 0.000000000000000
0.134000003337860 -0.056000001728535 0.000000000000000
0.134000003337860 -0.056000001728535 0.000000000000000
0.046000000089407 0.061999998986721 0.006000000052154
0.041999999433756 0.108000002801418 0.004000000189990
0.041999999433756 0.108000002801418 0.004000000189990
0.041999999433756 0.108000002801418 0.004000000189990
0.041999999433756 0.108000002801418 0.004000000189990
0.057999998331070 0.118000000715256 0.021999999880791
0.101999998092651 0.083999998867512 0.002000000094995
0.070000000298023 0.108000002801418 0.024000000208616
0.070000000298023 0.108000002801418 0.024000000208616
0.070000000298023 0.108000002801418 0.024000000208616
0.070000000298023 0.108000002801418 0.024000000208616
-0.012000000104308 0.012000000104308 0.026000000536442
0.002000000094995 0.021999999880791 0.012000000104308
-0.041999999433756 0.093999996781349 0.000000000000000
0.071999996900558 0.112000003457069 -0.009999999776483
0.074000000953674 0.065999999642372 0.035999998450279
0.074000000953674 0.065999999642372 0.035999998450279
0.019999999552965 -0.104000002145767 0.009999999776483
0.019999999552965 -0.104000002145767 0.009999999776483
0.019999999552965 -0.104000002145767 0.009999999776483
0.019999999552965 -0.104000002145767 0.009999999776483
0.019999999552965 -0.104000002145767 0.009999999776483
0.019999999552965 -0.104000002145767 0.009999999776483
-0.009999999776483 -0.041999999433756 0.021999999880791
0.009999999776483 0.002000000094995 0.016000000759959
0.043999999761581 0.078000001609325 0.008000000379980
0.026000000536442 0.137999996542931 -0.016000000759959
0.026000000536442 0.137999996542931 -0.016000000759959
0.052000001072884 0.057999998331070 -0.012000000104308
0.034000001847744 0.008000000379980 -0.017999999225140
0.000000000000000 -0.026000000536442 -0.004000000189990
-0.006000000052154 -0.123999997973442 0.008000000379980
0.006000000052154 -0.143999993801117 -0.002000000094995
0.074000000953674 -0.057999998331070 0.000000000000000
0.087999999523163 0.029999999329448 0.002000000094995
-0.012000000104308 0.114000000059605 -0.016000000759959
-0.021999999880791 0.164000004529953 -0.004000000189990
0.002000000094995 0.246000006794930 -0.024000000208616
0.002000000094995 0.246000006794930 -0.024000000208616
0.039999999105930 0.184000000357628 -0.035999998450279
0.039999999105930 0.184000000357628 -0.035999998450279
0.021999999880791 0.159999996423721 -0.034000001847744
-0.002000000094995 0.083999998867512 0.004000000189990
-0.043999999761581 0.048000000417233 0.000000000000000
-0.037999998778105 0.026000000536442 -0.009999999776483
-0.002000000094995 0.131999999284744 -0.006000000052154
0.151999995112419 0.231999993324280 -0.026000000536442
0.228000000119209 0.316000014543533 -0.037999998778105
0.298000007867813 0.310000002384186 -0.006000000052154
0.289999991655350 0.241999998688698 -0.012000000104308
0.266000002622604 0.209999993443489 -0.039999999105930
0.391999989748001 0.200000002980232 -0.012000000104308
0.425999999046326 0.162000000476837 -0.002000000094995
0.230000004172325 -0.017999999225140 0.002000000094995
0.126000002026558 -0.104000002145767 0.026000000536442
0.246000006794930 -0.151999995112419 -0.014000000432134
0.170000001788139 -0.118000000715256 -0.021999999880791
0.021999999880791 -0.145999997854233 0.000000000000000
-0.039999999105930 -0.203999996185303 0.014000000432134
-0.173999994993210 -0.224000006914139 0.016000000759959
-0.388000011444092 -0.200000002980232 -0.008000000379980
-0.388000011444092 -0.246000006794930 -0.019999999552965
-0.414000004529953 -0.159999996423721 0.039999999105930
-0.395999997854233 -0.211999997496605 0.024000000208616
-0.328000009059906 -0.194000005722046 -0.008000000379980
-0.331999987363815 -0.216000005602837 0.014000000432134
-0.331999987363815 -0.216000005602837 0.014000000432134
-0.331999987363815 -0.216000005602837 0.014000000432134
-0.326000005006790 -0.275999993085861 0.012000000104308
-0.326000005006790 -0.275999993085861 0.012000000104308
-0.326000005006790 -0.275999993085861 0.012000000104308
-0.247999995946884 -0.273999989032745 0.017999999225140
-0.247999995946884 -0.273999989032745 0.017999999225140
-0.247999995946884 -0.273999989032745 0.017999999225140
-0.247999995946884 -0.273999989032745 0.017999999225140
-0.286000013351440 -0.342000007629395 0.048000000417233
-0.286000013351440 -0.342000007629395 0.048000000417233
-0.286000013351440 -0.342000007629395 0.048000000417233
-0.158000007271767 -0.312000006437302 0.032000001519918
-0.105999998748302 -0.238000005483627 0.056000001728535
-0.148000001907349 -0.208000004291534 0.019999999552965
-0.126000002026558 -0.090000003576279 -0.009999999776483
-0.083999998867512 0.009999999776483 0.032000001519918
-0.039999999105930 0.197999998927116 -0.024000000208616
0.000000000000000 0.277999997138977 0.032000001519918
-0.037999998778105 0.173999994993210 0.029999999329448
-0.012000000104308 0.202000007033348 0.000000000000000
-0.009999999776483 0.189999997615814 -0.006000000052154
-0.052000001072884 0.070000000298023 0.014000000432134
0.194000005722046 -0.109999999403954 -0.017999999225140
0.321999996900558 -0.180000007152557 -0.037999998778105
0.289999991655350 -0.150000005960464 0.000000000000000
0.337999999523163 -0.233999997377396 -0.014000000432134
0.347999989986420 -0.114000000059605 -0.016000000759959
0.217999994754791 -0.050000000745058 -0.012000000104308
0.217999994754791 -0.050000000745058 -0.012000000104308
0.217999994754791 -0.050000000745058 -0.012000000104308
0.217999994754791 -0.050000000745058 -0.012000000104308
0.028000000864267 -0.068000003695488 -0.004000000189990
0.070000000298023 -0.043999999761581 -0.024000000208616
-0.024000000208616 0.009999999776483 -0.014000000432134
-0.114000000059605 -0.014000000432134 -0.006000000052154
-0.083999998867512 -0.074000000953674 -0.021999999880791
-0.016000000759959 0.024000000208616 -0.029999999329448
-0.090000003576279 -0.004000000189990 0.002000000094995
-0.014000000432134 -0.035999998450279 0.004000000189990
-0.037999998778105 -0.034000001847744 -0.006000000052154
-0.079999998211861 -0.068000003695488 0.000000000000000
-0.037999998778105 -0.075999997556210 -0.017999999225140
-0.078000001609325 0.006000000052154 0.012000000104308
-0.068000003695488 -0.078000001609325 0.002000000094995
-0.170000001788139 -0.035999998450279 0.006000000052154
-0.194000005722046 -0.101999998092651 -0.019999999552965
-0.194000005722046 -0.101999998092651 -0.019999999552965
-0.194000005722046 -0.101999998092651 -0.019999999552965
-0.194000005722046 -0.101999998092651 -0.019999999552965
-0.194000005722046 -0.101999998092651 -0.019999999552965
-0.115999996662140 -0.145999997854233 -0.006000000052154
-0.112000003457069 -0.184000000357628 0.014000000432134
-0.186000004410744 -0.301999986171722 0.017999999225140
-0.046000000089407 -0.236000001430511 -0.002000000094995
0.002000000094995 -0.202000007033348 -0.004000000189990
0.039999999105930 -0.244000002741814 0.024000000208616
0.046000000089407 -0.195999994874001 0.026000000536442
0.054000001400709 -0.134000003337860 -0.009999999776483
0.118000000715256 -0.108000002801418 0.012000000104308
0.065999999642372 -0.128000006079674 0.024000000208616
0.012000000104308 -0.065999999642372 0.008000000379980
0.112000003457069 -0.043999999761581 0.006000000052154
0.101999998092651 -0.017999999225140 0.019999999552965
0.100000001490116 0.048000000417233 0.006000000052154
0.126000002026558 0.024000000208616 0.009999999776483
0.109999999403954 -0.006000000052154 0.021999999880791
0.050000000745058 0.039999999105930 0.034000001847744
0.017999999225140 0.046000000089407 0.009999999776483
0.017999999225140 0.046000000089407 0.009999999776483
0.017999999225140 0.046000000089407 0.009999999776483
0.017999999225140 0.046000000089407 0.009999999776483
0.104000002145767 0.230000004172325 -0.014000000432134
0.035999998450279 0.200000002980232 -0.012000000104308
0.068000003695488 0.282000005245209 -0.032000001519918
0.079999998211861 0.275999993085861 -0.004000000189990
0.065999999642372 0.286000013351440 -0.008000000379980
0.039999999105930 0.200000002980232 0.006000000052154
0.026000000536442 0.206000000238419 0.000000000000000
-0.008000000379980 0.261999994516373 -0.002000000094995
0.014000000432134 0.101999998092651 -0.017999999225140
0.008000000379980 0.156000003218651 -0.004000000189990
-0.012000000104308 0.090000003576279 0.008000000379980
-0.012000000104308 0.090000003576279 0.008000000379980
-0.012000000104308 0.090000003576279 0.008000000379980
-0.037999998778105 0.096000000834465 -0.008000000379980
-0.028000000864267 0.070000000298023 0.012000000104308
-0.016000000759959 0.017999999225140 -0.012000000104308
-0.078000001609325 -0.019999999552965 -0.017999999225140
0.000000000000000 -0.028000000864267 0.002000000094995
-0.008000000379980 -0.041999999433756 0.021999999880791
-0.054000001400709 -0.065999999642372 -0.016000000759959
-0.054000001400709 -0.065999999642372 -0.016000000759959
-0.054000001400709 -0.065999999642372 -0.016000000759959
-0.259999990463257 -0.123999997973442 0.021999999880791
-0.386000007390976 -0.142000004649162 -0.014000000432134
-0.446000009775162 -0.137999996542931 0.004000000189990
-0.214000001549721 -0.140000000596046 -0.034000001847744
-0.142000004649162 -0.057999998331070 -0.008000000379980
-0.097999997437000 -0.079999998211861 -0.032000001519918
-0.057999998331070 0.016000000759959 -0.009999999776483
-0.057999998331070 0.016000000759959 -0.009999999776483
-0.032000001519918 0.026000000536442 -0.009999999776483
-0.002000000094995 0.043999999761581 -0.006000000052154
0.014000000432134 0.046000000089407 -0.026000000536442
0.017999999225140 0.017999999225140 0.002000000094995
0.054000001400709 -0.016000000759959 0.008000000379980
0.002000000094995 0.037999998778105 0.000000000000000
0.004000000189990 0.029999999329448 0.019999999552965
0.068000003695488 -0.029999999329448 -0.009999999776483
0.009999999776483 -0.114000000059605 0.002000000094995
0.002000000094995 -0.057999998331070 0.004000000189990
0.002000000094995 -0.017999999225140 0.021999999880791
0.028000000864267 -0.008000000379980 0.021999999880791
0.021999999880791 -0.016000000759959 -0.014000000432134
0.004000000189990 -0.014000000432134 0.026000000536442
0.004000000189990 -0.014000000432134 0.026000000536442
0.004000000189990 -0.014000000432134 0.026000000536442
0.004000000189990 -0.014000000432134 0.026000000536442
0.017999999225140 0.021999999880791 0.008000000379980
-0.029999999329448 -0.019999999552965 0.008000000379980
0.008000000379980 0.006000000052154 0.026000000536442
0.009999999776483 0.037999998778105 0.024000000208616
0.009999999776483 0.037999998778105 0.024000000208616
0.009999999776483 0.037999998778105 0.024000000208616
0.009999999776483 0.037999998778105 0.024000000208616
0.009999999776483 0.037999998778105 0.024000000208616
0.054000001400709 0.028000000864267 -0.021999999880791
-0.014000000432134 0.056000001728535 0.017999999225140
-0.079999998211861 -0.002000000094995 -0.004000000189990
-0.156000003218651 -0.021999999880791 0.017999999225140
-0.112000003457069 0.006000000052154 0.032000001519918
-0.104000002145767 0.016000000759959 0.012000000104308
-0.104000002145767 0.016000000759959 0.012000000104308
-0.104000002145767 0.016000000759959 0.012000000104308
-0.104000002145767 0.016000000759959 0.012000000104308
0.006000000052154 -0.012000000104308 0.012000000104308
0.014000000432134 0.029999999329448 0.026000000536442
0.004000000189990 0.000000000000000 0.006000000052154
0.017999999225140 0.008000000379980 0.004000000189990
0.017999999225140 0.008000000379980 0.004000000189990
0.017999999225140 0.008000000379980 0.004000000189990
0.019999999552965 -0.048000000417233 -0.004000000189990
0.019999999552965 -0.048000000417233 -0.004000000189990
0.019999999552965 -0.048000000417233 -0.004000000189990
0.019999999552965 -0.048000000417233 -0.004000000189990
0.019999999552965 -0.048000000417233 -0.004000000189990
0.019999999552965 -0.048000000417233 -0.004000000189990
0.019999999552965 -0.048000000417233 -0.004000000189990
0.019999999552965 -0.048000000417233 -0.004000000189990
0.019999999552965 -0.048000000417233 -0.004000000189990
0.019999999552965 -0.048000000417233 -0.004000000189990
0.019999999552965 -0.048000000417233 -0.004000000189990
0.019999999552965 -0.048000000417233 -0.004000000189990
0.043999999761581 -0.059999998658895 0.006000000052154
0.041999999433756 -0.035999998450279 0.008000000379980
0.061999998986721 -0.006000000052154 -0.014000000432134
0.016000000759959 -0.043999999761581 0.021999999880791
-0.048000000417233 0.008000000379980 0.012000000104308
-0.012000000104308 -0.009999999776483 0.006000000052154
-0.024000000208616 -0.048000000417233 0.017999999225140
-0.054000001400709 -0.026000000536442 0.004000000189990
0.002000000094995 -0.064000003039837 0.016000000759959
-0.009999999776483 -0.012000000104308 -0.016000000759959
-0.032000001519918 0.024000000208616 0.019999999552965
-0.061999998986721 0.057999998331070 0.019999999552965
-0.039999999105930 0.104000002145767 0.006000000052154
-0.078000001609325 0.197999998927116 0.012000000104308
-0.093999996781349 0.347999989986420 0.021999999880791
-0.016000000759959 0.379999995231628 0.016000000759959
-0.016000000759959 0.379999995231628 0.016000000759959
-0.016000000759959 0.379999995231628 0.016000000759959
-0.012000000104308 0.412000000476837 0.002000000094995
-0.092000000178814 0.488000005483627 0.009999999776483
-0.056000001728535 0.497999995946884 0.037999998778105
-0.070000000298023 0.247999995946884 -0.002000000094995
-0.075999997556210 0.165999993681908 -0.002000000094995
-0.050000000745058 0.142000004649162 -0.019999999552965
0.019999999552965 0.064000003039837 -0.002000000094995
0.071999996900558 0.151999995112419 -0.006000000052154
0.101999998092651 0.372000008821487 0.009999999776483
0.197999998927116 0.372000008821487 -0.004000000189990
0.162000000476837 0.428000003099442 0.014000000432134
0.236000001430511 0.301999986171722 0.016000000759959
0.202000007033348 0.254000008106232 0.009999999776483
0.170000001788139 0.209999993443489 0.009999999776483
0.128000006079674 0.209999993443489 -0.002000000094995
0.039999999105930 0.122000001370907 -0.014000000432134
-0.009999999776483 0.039999999105930 0.009999999776483
-0.039999999105930 0.032000001519918 0.008000000379980
-0.009999999776483 -0.086000002920628 -0.002000000094995
-0.029999999329448 -0.093999996781349 -0.014000000432134
-0.039999999105930 -0.241999998688698 -0.002000000094995
-0.064000003039837 -0.287999987602234 -0.009999999776483
-0.024000000208616 -0.286000013351440 -0.014000000432134
-0.087999999523163 -0.197999998927116 0.000000000000000
-0.054000001400709 -0.194000005722046 -0.006000000052154
-0.026000000536442 -0.148000001907349 -0.017999999225140
-0.009999999776483 -0.046000000089407 -0.017999999225140
-0.008000000379980 -0.009999999776483 0.000000000000000
-0.006000000052154 -0.101999998092651 -0.008000000379980
-0.054000001400709 -0.096000000834465 -0.008000000379980
-0.043999999761581 -0.236000001430511 0.014000000432134
-0.008000000379980 -0.259999990463257 -0.006000000052154
-0.008000000379980 -0.259999990463257 -0.006000000052154
-0.021999999880791 -0.317999988794327 -0.006000000052154
-0.056000001728535 -0.360000014305115 -0.009999999776483
0.002000000094995 -0.273999989032745 0.008000000379980
0.009999999776483 -0.206000000238419 0.004000000189990
0.016000000759959 -0.118000000715256 -0.002000000094995
0.059999998658895 -0.108000002801418 0.028000000864267
0.016000000759959 -0.079999998211861 0.017999999225140
0.002000000094995 -0.100000001490116 0.004000000189990
0.016000000759959 -0.065999999642372 0.000000000000000
0.041999999433756 -0.056000001728535 0.000000000000000
0.032000001519918 -0.052000001072884 0.006000000052154
-0.009999999776483 -0.050000000745058 0.012000000104308
-0.006000000052154 -0.032000001519918 0.006000000052154
-0.052000001072884 -0.008000000379980 -0.016000000759959
-0.034000001847744 -0.016000000759959 -0.016000000759959
-0.028000000864267 -0.158000007271767 0.000000000000000
-0.056000001728535 -0.192000001668930 -0.014000000432134
-0.052000001072884 -0.184000000357628 -0.014000000432134
-0.052000001072884 -0.184000000357628 -0.014000000432134
-0.052000001072884 -0.184000000357628 -0.014000000432134
0.057999998331070 -0.214000001549721 -0.021999999880791
0.059999998658895 -0.164000004529953 -0.029999999329448
0.032000001519918 -0.140000000596046 -0.016000000759959
0.000000000000000 -0.170000001788139 0.000000000000000
0.037999998778105 -0.131999999284744 -0.002000000094995
0.008000000379980 -0.056000001728535 0.000000000000000
0.059999998658895 0.082000002264977 -0.017999999225140
0.065999999642372 0.097999997437000 0.000000000000000
0.092000000178814 0.129999995231628 -0.004000000189990
0.092000000178814 0.129999995231628 -0.004000000189990
0.092000000178814 0.129999995231628 -0.004000000189990
0.096000000834465 0.180000007152557 -0.002000000094995
0.184000000357628 0.180000007152557 -0.008000000379980
0.216000005602837 0.214000001549721 -0.004000000189990
0.114000000059605 0.312000006437302 -0.009999999776483
0.108000002801418 0.151999995112419 0.012000000104308
0.096000000834465 0.097999997437000 0.004000000189990
0.039999999105930 0.109999999403954 -0.006000000052154
0.043999999761581 0.075999997556210 -0.002000000094995
0.034000001847744 0.059999998658895 -0.028000000864267
0.086000002920628 0.012000000104308 0.004000000189990
0.119999997317791 0.019999999552965 -0.016000000759959
0.256000012159348 0.092000000178814 0.002000000094995
0.195999994874001 0.173999994993210 -0.004000000189990
0.181999996304512 0.122000001370907 0.004000000189990
0.181999996304512 0.122000001370907 0.004000000189990
0.181999996304512 0.122000001370907 0.004000000189990
0.181999996304512 0.122000001370907 0.004000000189990
0.347999989986420 0.128000006079674 0.002000000094995
0.335999995470047 0.064000003039837 -0.006000000052154
0.368000000715256 0.061999998986721 0.004000000189990
0.344000011682510 -0.087999999523163 -0.009999999776483
0.186000004410744 -0.087999999523163 0.019999999552965
0.112000003457069 -0.079999998211861 0.012000000104308
0.112000003457069 -0.079999998211861 0.012000000104308
0.112000003457069 -0.079999998211861 0.012000000104308
0.112000003457069 -0.079999998211861 0.012000000104308
0.065999999642372 -0.078000001609325 0.002000000094995
0.065999999642372 -0.078000001609325 0.002000000094995
0.065999999642372 -0.078000001609325 0.002000000094995
0.065999999642372 -0.078000001609325 0.002000000094995
0.065999999642372 -0.078000001609325 0.002000000094995
0.065999999642372 -0.078000001609325 0.002000000094995
0.004000000189990 -0.059999998658895 0.016000000759959
0.004000000189990 -0.059999998658895 0.016000000759959
0.004000000189990 -0.059999998658895 0.016000000759959
0.004000000189990 -0.059999998658895 0.016000000759959
0.004000000189990 -0.059999998658895 0.016000000759959
0.004000000189990 -0.059999998658895 0.016000000759959
0.004000000189990 -0.059999998658895 0.016000000759959
0.004000000189990 -0.059999998658895 0.016000000759959
-0.061999998986721 -0.056000001728535 -0.002000000094995
-0.093999996781349 0.004000000189990 0.009999999776483
-0.096000000834465 0.068000003695488 0.006000000052154
-0.100000001490116 0.048000000417233 0.004000000189990
-0.026000000536442 0.109999999403954 -0.008000000379980
-0.046000000089407 0.136000007390976 0.002000000094995
-0.101999998092651 0.014000000432134 -0.004000000189990
-0.181999996304512 -0.016000000759959 0.000000000000000
-0.402000010013580 0.075999997556210 -0.009999999776483
-0.402000010013580 0.075999997556210 -0.009999999776483
-0.402000010013580 0.075999997556210 -0.009999999776483
-0.153999999165535 0.202000007033348 0.000000000000000
-0.118000000715256 0.186000004410744 -0.008000000379980
0.043999999761581 0.128000006079674 -0.026000000536442
-0.048000000417233 0.035999998450279 -0.004000000189990
-0.074000000953674 0.017999999225140 -0.008000000379980
-0.074000000953674 0.017999999225140 -0.008000000379980
-0.074000000953674 0.017999999225140 -0.008000000379980
0.039999999105930 -0.041999999433756 -0.021999999880791
0.039999999105930 -0.041999999433756 -0.021999999880791
-0.071999996900558 -0.093999996781349 -0.009999999776483
-0.068000003695488 -0.012000000104308 -0.024000000208616
0.083999998867512 0.008000000379980 -0.028000000864267
0.104000002145767 0.093999996781349 -0.017999999225140
0.142000004649162 0.159999996423721 -0.009999999776483
0.068000003695488 0.180000007152557 0.024000000208616
0.165999993681908 0.097999997437000 -0.021999999880791
0.142000004649162 0.119999997317791 -0.004000000189990
0.087999999523163 0.074000000953674 0.006000000052154
0.071999996900558 0.136000007390976 0.014000000432134
0.059999998658895 0.230000004172325 -0.012000000104308
0.059999998658895 0.230000004172325 -0.012000000104308
0.059999998658895 0.230000004172325 -0.012000000104308
0.059999998658895 0.230000004172325 -0.012000000104308
0.059999998658895 0.230000004172325 -0.012000000104308
0.059999998658895 0.230000004172325 -0.012000000104308
0.014000000432134 0.324000000953674 -0.002000000094995
-0.087999999523163 0.270000010728836 0.009999999776483
0.026000000536442 0.136000007390976 -0.035999998450279
0.026000000536442 0.136000007390976 -0.035999998450279
0.026000000536442 0.136000007390976 -0.035999998450279
-0.100000001490116 0.026000000536442 0.000000000000000
-0.158000007271767 -0.059999998658895 0.004000000189990
-0.158000007271767 -0.059999998658895 0.004000000189990
-0.158000007271767 -0.059999998658895 0.004000000189990
-0.192000001668930 -0.131999999284744 -0.009999999776483
-0.233999997377396 -0.340000003576279 0.017999999225140
-0.214000001549721 -0.465999990701675 0.000000000000000
-0.214000001549721 -0.465999990701675 0.000000000000000
-0.214000001549721 -0.465999990701675 0.000000000000000
-0.093999996781349 -0.377999991178513 -0.021999999880791
-0.097999997437000 -0.421999990940094 0.000000000000000
0.054000001400709 -0.374000012874603 -0.014000000432134
0.074000000953674 -0.358000010251999 -0.012000000104308
-0.079999998211861 -0.335999995470047 -0.006000000052154
0.104000002145767 -0.303999990224838 -0.052000001072884
0.071999996900558 -0.238000005483627 -0.017999999225140
0.071999996900558 -0.238000005483627 -0.017999999225140
0.071999996900558 -0.238000005483627 -0.017999999225140
0.209999993443489 -0.059999998658895 -0.019999999552965
0.241999998688698 -0.090000003576279 0.002000000094995
0.165999993681908 -0.143999993801117 0.006000000052154
0.256000012159348 -0.153999999165535 -0.016000000759959
0.282000005245209 -0.178000003099442 -0.004000000189990
0.335999995470047 -0.195999994874001 0.014000000432134
0.312000006437302 -0.216000005602837 0.000000000000000
0.178000003099442 -0.172000005841255 0.000000000000000
0.250000000000000 -0.222000002861023 0.002000000094995
0.126000002026558 -0.156000003218651 0.021999999880791
0.075999997556210 -0.175999999046326 0.019999999552965
0.002000000094995 -0.252000004053116 0.016000000759959
0.017999999225140 -0.282000005245209 0.028000000864267
0.078000001609325 -0.211999997496605 0.000000000000000
0.006000000052154 -0.180000007152557 0.000000000000000
-0.057999998331070 -0.054000001400709 0.000000000000000
-0.082000002264977 -0.029999999329448 0.000000000000000
-0.282000005245209 0.090000003576279 0.002000000094995
-0.165999993681908 0.214000001549721 -0.026000000536442
-0.115999996662140 0.244000002741814 -0.026000000536442
-0.228000000119209 0.151999995112419 -0.016000000759959
-0.065999999642372 0.039999999105930 -0.012000000104308
-0.108000002801418 0.000000000000000 -0.002000000094995
-0.090000003576279 -0.029999999329448 -0.024000000208616
-0.078000001609325 0.014000000432134 0.002000000094995
-0.078000001609325 0.014000000432134 0.002000000094995
-0.078000001609325 0.014000000432134 0.002000000094995
-0.097999997437000 -0.026000000536442 -0.009999999776483
-0.097999997437000 -0.064000003039837 0.048000000417233
0.009999999776483 -0.070000000298023 -0.006000000052154
0.039999999105930 0.000000000000000 -0.016000000759959
0.029999999329448 0.002000000094995 0.002000000094995
0.029999999329448 0.002000000094995 0.002000000094995
0.024000000208616 0.012000000104308 0.008000000379980
0.050000000745058 0.006000000052154 -0.008000000379980
0.057999998331070 -0.009999999776483 -0.006000000052154
0.057999998331070 -0.009999999776483 -0.006000000052154
0.057999998331070 -0.009999999776483 -0.006000000052154
-0.050000000745058 0.000000000000000 -0.002000000094995
0.004000000189990 0.000000000000000 0.016000000759959
0.004000000189990 0.064000003039837 0.009999999776483
-0.050000000745058 0.105999998748302 0.017999999225140
0.009999999776483 0.064000003039837 -0.008000000379980
-0.056000001728535 0.140000000596046 0.017999999225140
0.034000001847744 0.043999999761581 0.000000000000000
-0.039999999105930 0.024000000208616 0.016000000759959
-0.039999999105930 0.024000000208616 0.016000000759959
-0.039999999105930 0.024000000208616 0.016000000759959
-0.086000002920628 -0.050000000745058 0.006000000052154
-0.086000002920628 -0.050000000745058 0.006000000052154
-0.086000002920628 -0.050000000745058 0.006000000052154
-0.214000001549721 -0.165999993681908 0.009999999776483
-0.142000004649162 -0.134000003337860 -0.017999999225140
-0.131999999284744 -0.108000002801418 0.004000000189990
-0.140000000596046 0.035999998450279 0.016000000759959
-0.140000000596046 0.035999998450279 0.016000000759959
-0.140000000596046 0.035999998450279 0.016000000759959
-0.057999998331070 0.002000000094995 0.026000000536442
-0.048000000417233 -0.006000000052154 0.000000000000000
-0.048000000417233 -0.006000000052154 0.000000000000000
-0.048000000417233 -0.006000000052154 0.000000000000000
0.078000001609325 0.002000000094995 -0.012000000104308
0.115999996662140 0.019999999552965 0.016000000759959
0.114000000059605 0.017999999225140 -0.026000000536442
0.114000000059605 0.017999999225140 -0.026000000536442
0.114000000059605 0.017999999225140 -0.026000000536442
0.004000000189990 0.083999998867512 -0.012000000104308
-0.006000000052154 0.086000002920628 -0.006000000052154
-0.070000000298023 0.108000002801418 0.017999999225140
-0.070000000298023 0.108000002801418 0.017999999225140
-0.070000000298023 0.108000002801418 0.017999999225140
-0.070000000298023 0.108000002801418 0.017999999225140
-0.083999998867512 0.071999996900558 0.024000000208616
-0.097999997437000 0.092000000178814 -0.004000000189990
-0.041999999433756 0.153999999165535 -0.009999999776483
0.006000000052154 0.083999998867512 0.000000000000000
-0.048000000417233 0.101999998092651 0.009999999776483
0.064000003039837 0.194000005722046 0.004000000189990
0.068000003695488 0.170000001788139 0.002000000094995
0.064000003039837 0.148000001907349 0.012000000104308
0.078000001609325 0.104000002145767 -0.004000000189990
0.035999998450279 0.059999998658895 -0.006000000052154
0.002000000094995 0.056000001728535 0.008000000379980
0.002000000094995 0.056000001728535 0.008000000379980
0.002000000094995 0.056000001728535 0.008000000379980
0.002000000094995 0.056000001728535 0.008000000379980
-0.037999998778105 -0.017999999225140 0.014000000432134
-0.026000000536442 -0.009999999776483 -0.006000000052154
-0.112000003457069 -0.034000001847744 0.009999999776483
-0.112000003457069 -0.034000001847744 0.009999999776483
-0.112000003457069 -0.034000001847744 0.009999999776483
-0.082000002264977 -0.035999998450279 0.004000000189990
-0.129999995231628 0.101999998092651 0.004000000189990
-0.075999997556210 0.172000005841255 -0.004000000189990
-0.065999999642372 0.170000001788139 -0.008000000379980
0.016000000759959 0.175999999046326 -0.019999999552965
0.032000001519918 0.108000002801418 -0.014000000432134
0.028000000864267 0.087999999523163 0.026000000536442
0.021999999880791 0.059999998658895 0.000000000000000
0.016000000759959 0.012000000104308 0.009999999776483
-0.017999999225140 0.000000000000000 0.000000000000000
0.037999998778105 0.012000000104308 -0.009999999776483
0.019999999552965 0.028000000864267 0.000000000000000
0.101999998092651 0.028000000864267 -0.021999999880791
-0.026000000536442 0.075999997556210 0.019999999552965
-0.037999998778105 0.014000000432134 0.014000000432134
-0.037999998778105 -0.017999999225140 0.028000000864267
-0.052000001072884 0.029999999329448 0.021999999880791
-0.090000003576279 0.017999999225140 0.041999999433756
-0.004000000189990 -0.017999999225140 0.034000001847744
-0.004000000189990 -0.017999999225140 0.034000001847744
-0.078000001609325 -0.035999998450279 0.006000000052154
-0.078000001609325 -0.035999998450279 0.006000000052154
0.000000000000000 -0.074000000953674 -0.004000000189990
-0.035999998450279 -0.129999995231628 0.014000000432134
-0.035999998450279 -0.129999995231628 0.014000000432134
-0.035999998450279 -0.129999995231628 0.014000000432134
-0.035999998450279 -0.129999995231628 0.014000000432134
-0.035999998450279 -0.129999995231628 0.014000000432134
0.039999999105930 -0.151999995112419 -0.014000000432134
0.050000000745058 -0.150000005960464 0.008000000379980
0.050000000745058 -0.150000005960464 0.008000000379980
-0.029999999329448 -0.186000004410744 0.006000000052154
-0.014000000432134 -0.158000007271767 -0.004000000189990
-0.048000000417233 -0.070000000298023 0.012000000104308
-0.048000000417233 -0.070000000298023 0.012000000104308
-0.048000000417233 -0.070000000298023 0.012000000104308
-0.048000000417233 -0.070000000298023 0.012000000104308
-0.035999998450279 0.000000000000000 -0.004000000189990
-0.035999998450279 0.000000000000000 -0.004000000189990
-0.035999998450279 0.000000000000000 -0.004000000189990
-0.035999998450279 0.000000000000000 -0.004000000189990
-0.035999998450279 0.000000000000000 -0.004000000189990
0.002000000094995 0.052000001072884 -0.006000000052154
0.002000000094995 0.052000001072884 -0.006000000052154
0.002000000094995 0.052000001072884 -0.006000000052154
0.016000000759959 0.029999999329448 0.000000000000000
-0.004000000189990 0.048000000417233 -0.009999999776483
-0.004000000189990 0.048000000417233 -0.009999999776483
0.061999998986721 0.083999998867512 -0.006000000052154
0.061999998986721 0.083999998867512 -0.006000000052154
0.061999998986721 0.083999998867512 -0.006000000052154
0.043999999761581 0.021999999880791 0.000000000000000
-0.008000000379980 -0.039999999105930 0.019999999552965
0.041999999433756 0.000000000000000 0.032000001519918
0.064000003039837 -0.151999995112419 0.035999998450279
0.028000000864267 -0.250000000000000 0.052000001072884
-0.028000000864267 -0.214000001549721 0.019999999552965
0.012000000104308 -0.115999996662140 0.039999999105930
0.029999999329448 -0.019999999552965 0.029999999329448
0.029999999329448 -0.019999999552965 0.029999999329448
0.029999999329448 -0.019999999552965 0.029999999329448
-0.024000000208616 0.039999999105930 0.009999999776483
-0.034000001847744 0.029999999329448 0.008000000379980
-0.017999999225140 0.012000000104308 -0.004000000189990
-0.052000001072884 -0.016000000759959 0.002000000094995
-0.017999999225140 -0.064000003039837 -0.008000000379980
-0.048000000417233 -0.048000000417233 0.006000000052154
-0.061999998986721 -0.101999998092651 -0.016000000759959
-0.140000000596046 -0.050000000745058 -0.014000000432134
-0.170000001788139 -0.016000000759959 -0.009999999776483
-0.070000000298023 -0.017999999225140 -0.041999999433756
-0.070000000298023 -0.017999999225140 -0.041999999433756
-0.136000007390976 0.006000000052154 -0.032000001519918
-0.108000002801418 0.093999996781349 -0.028000000864267
-0.074000000953674 0.126000002026558 -0.009999999776483
-0.009999999776483 0.101999998092651 0.000000000000000
-0.009999999776483 0.101999998092651 0.000000000000000
-0.009999999776483 0.101999998092651 0.000000000000000
-0.050000000745058 0.100000001490116 0.014000000432134
0.000000000000000 0.148000001907349 0.000000000000000
0.054000001400709 0.087999999523163 0.004000000189990
0.024000000208616 0.142000004649162 -0.002000000094995
0.082000002264977 0.064000003039837 0.009999999776483
0.082000002264977 0.064000003039837 0.009999999776483
0.184000000357628 0.057999998331070 0.009999999776483
0.186000004410744 0.057999998331070 0.012000000104308
0.172000005841255 0.046000000089407 0.021999999880791
0.142000004649162 0.014000000432134 0.006000000052154
0.143999993801117 0.035999998450279 0.002000000094995
0.143999993801117 0.035999998450279 0.002000000094995
0.143999993801117 0.035999998450279 0.002000000094995
0.238000005483627 0.021999999880791 0.000000000000000
0.273999989032745 0.059999998658895 -0.006000000052154
0.273999989032745 0.059999998658895 -0.006000000052154
0.017999999225140 0.068000003695488 0.009999999776483
-0.054000001400709 0.096000000834465 -0.004000000189990
-0.006000000052154 0.017999999225140 0.004000000189990
0.017999999225140 0.035999998450279 0.000000000000000
-0.026000000536442 0.008000000379980 0.004000000189990
-0.061999998986721 0.016000000759959 0.006000000052154
-0.065999999642372 0.028000000864267 -0.016000000759959
-0.016000000759959 0.006000000052154 -0.035999998450279
0.016000000759959 0.012000000104308 -0.019999999552965
-0.009999999776483 0.006000000052154 -0.021999999880791
-0.028000000864267 0.014000000432134 -0.035999998450279
0.000000000000000 0.039999999105930 -0.048000000417233
0.035999998450279 0.037999998778105 -0.034000001847744
0.075999997556210 0.057999998331070 -0.035999998450279
0.008000000379980 0.052000001072884 -0.006000000052154
0.014000000432134 0.014000000432134 -0.004000000189990
0.046000000089407 -0.009999999776483 -0.006000000052154
0.000000000000000 0.032000001519918 -0.009999999776483
-0.008000000379980 -0.004000000189990 -0.008000000379980
0.017999999225140 0.037999998778105 -0.009999999776483
0.014000000432134 0.054000001400709 0.000000000000000
-0.075999997556210 0.074000000953674 -0.009999999776483
-0.046000000089407 0.056000001728535 0.017999999225140
-0.061999998986721 0.167999997735023 0.009999999776483
-0.061999998986721 0.167999997735023 0.009999999776483
-0.026000000536442 0.148000001907349 0.026000000536442
-0.026000000536442 0.148000001907349 0.026000000536442
-0.071999996900558 0.247999995946884 0.008000000379980
-0.071999996900558 0.247999995946884 0.008000000379980
-0.071999996900558 0.247999995946884 0.008000000379980
-0.108000002801418 0.203999996185303 0.004000000189990
-0.108000002801418 0.164000004529953 0.000000000000000
-0.206000000238419 0.104000002145767 0.012000000104308
-0.143999993801117 0.263999998569489 0.004000000189990
-0.078000001609325 0.409999996423721 0.017999999225140
-0.093999996781349 0.490000009536743 0.008000000379980
-0.035999998450279 0.621999979019165 -0.006000000052154
0.052000001072884 0.592000007629395 -0.009999999776483
0.000000000000000 0.565999984741211 -0.009999999776483
-0.035999998450279 0.643999993801117 0.009999999776483
-0.035999998450279 0.643999993801117 0.009999999776483
-0.035999998450279 0.643999993801117 0.009999999776483
-0.028000000864267 0.689999997615814 -0.002000000094995
-0.028000000864267 0.689999997615814 -0.002000000094995
-0.028000000864267 0.689999997615814 -0.002000000094995
-0.061999998986721 0.589999973773956 -0.017999999225140
-0.046000000089407 0.529999971389771 0.000000000000000
-0.046000000089407 0.529999971389771 0.000000000000000
-0.046000000089407 0.529999971389771 0.000000000000000
-0.002000000094995 0.340000003576279 -0.024000000208616
0.032000001519918 0.126000002026558 -0.019999999552965
0.032000001519918 0.126000002026558 -0.019999999552965
-0.016000000759959 0.052000001072884 0.000000000000000
-0.016000000759959 0.052000001072884 0.000000000000000
-0.016000000759959 0.052000001072884 0.000000000000000
-0.016000000759959 0.052000001072884 0.000000000000000
