0.003076076507568
0.095368146896362
0.113666057586670
0.127718925476074
0.139668941497803
0.159573078155518
0.169800996780396
0.181874990463257
0.202572107315063
0.215628147125244
0.218550920486450
0.227571964263916
0.242758989334106
0.262656927108765
0.274564027786255
0.277564048767090
0.288573026657104
0.297562122344971
0.315578937530518
0.318562984466553
0.327566146850586
0.344077110290527
0.363574981689453
0.367547988891602
0.381550073623657
0.400727987289429
0.413573026657104
0.418565034866333
0.431600093841553
0.438561916351318
0.450727939605713
0.458718061447144
0.471810102462769
0.492598056793213
0.498548984527588
0.511574029922485
0.518563032150269
0.534691095352173
0.537637948989868
0.548563003540039
0.558566093444824
0.567567110061646
0.578577995300293
0.587563037872314
0.597676038742065
0.608577966690063
0.629573106765747
0.639688014984131
0.648803949356079
0.670627117156982
0.678547143936157
0.692573070526123
0.700829982757568
0.723598003387451
0.727563142776489
0.742861986160278
0.764739036560059
0.779583930969238
0.793612003326416
0.808552026748657
0.818634033203125
0.832844018936157
0.854691028594971
0.869554042816162
0.879701137542725
0.890630006790161
0.912639141082764
0.919557094573975
0.937560081481934
0.952573060989380
0.959563970565796
0.971776008605957
0.994600057601929
0.997630119323730
1.012579917907715
1.026798963546753
1.048583030700684
1.062573909759521
1.072678089141846
1.078372955322266
1.097754955291748
1.110808134078979
1.119838953018188
1.143598079681396
1.158555030822754
1.161548137664795
1.171613931655884
1.181893110275269
1.202816009521484
1.222553014755249
1.228688001632690
1.239707946777344
1.260563135147095
1.268548011779785
1.288579940795898
1.299864053726196
1.319612979888916
1.333574056625366
1.346641063690186
1.349560022354126
1.359565973281860
1.376708984375000
1.379563093185425
1.392549037933350
1.410574913024902
1.415621995925903
1.430738925933838
1.440546035766602
1.460741043090820
1.468549013137817
1.483577966690063
1.487697124481201
1.498588085174561
1.518573045730591
1.533558130264282
1.537733078002930
1.550786018371582
1.567573070526123
1.570902109146118
1.593630075454712
1.597635984420776
1.607654094696045
1.626732110977173
1.629710912704468
1.641788005828857
1.654691934585571
1.657680034637451
1.668570041656494
1.687670946121216
1.700910091400146
1.720669984817505
1.736554145812988
1.739562988281250
1.749639987945557
1.760931968688965
1.782679080963135
1.795618057250977
1.808574914932251
1.821803092956543
1.842643976211548
1.855659008026123
1.870582103729248
1.878632068634033
1.893623113632202
1.898611068725586
1.911834001541138
1.932616949081421
1.937734127044678
1.950650930404663
1.957555055618286
1.969643115997314
1.981178045272827
2.002573966979980
2.007730007171631
2.020641088485718
2.030784130096436
2.039806127548218
2.054584026336670
2.057599067687988
2.067764997482300
2.085565090179443
2.088590145111084
2.097568035125732
2.108654975891113
2.126680135726929
2.129562139511108
2.142579078674316
2.150563955307007
2.163833141326904
2.183560132980347
2.187566041946411
2.200788974761963
2.215560913085938
2.218572139739990
2.229717016220093
2.244576930999756
2.258577108383179
2.268690109252930
2.280931949615479
2.302566051483154
2.306556940078735
2.319791078567505
2.328686952590942
2.338809967041016
2.360589027404785
2.373567104339600
2.377601146697998
2.390628099441528
2.401859998703003
2.410865068435669
2.432559013366699
2.438578128814697
2.458591938018799
2.479634046554565
2.483768939971924
2.489968061447144
2.510739088058472
2.513550043106079
2.517561912536621
2.531971931457520
2.553560972213745
2.567574024200439
2.580713987350464
2.602558135986328
2.607633113861084
2.617680072784424
2.636574029922485
2.640568971633911
2.653604030609131
2.660784006118774
2.672842979431152
2.693560123443604
2.697547912597656
2.712050914764404
2.733577013015747
2.748619079589844
2.759575128555298
2.768656015396118
2.791556119918823
2.798563957214355
2.813602924346924
2.829565048217773
2.840861082077026
2.851802110671997
2.863811969757080
2.871799945831299
2.882792949676514
2.902733087539673
2.908551931381226
2.924628973007202
2.928626060485840
2.938597917556763
2.958573102951050
2.969571113586426
2.986577987670898
2.989562988281250
3.000678062438965
3.021574974060059
3.029746055603027
3.046577930450439
3.049564123153687
3.062556028366089
3.068678140640259
3.078566074371338
3.091753005981445
3.113698005676270
3.128556013107300
3.142729997634888
3.164574146270752
3.178626060485840
3.181563138961792
3.188561916351318
3.203846931457520
3.224753141403198
3.238759994506836
3.253798007965088
3.275622129440308
3.289552927017212
3.298602104187012
3.318774938583374
3.332557916641235
3.338551998138428
3.347568035125732
3.366569042205811
3.380561113357544
3.388566970825195
3.398607969284058
3.417578935623169
3.432626962661743
3.449063062667847
3.457000017166138
3.484583139419556
3.500563144683838
3.508574008941650
3.527571916580200
3.530545949935913
3.539678096771240
3.553844928741455
3.575665950775146
3.595557928085327
3.603568077087402
3.619558095932007
3.632802963256836
3.655568122863770
3.670608043670654
3.681800127029419
3.690865993499756
3.714565992355347
3.728555917739868
3.740786075592041
3.750708103179932
3.772741079330444
3.787558078765869
3.790544033050537
3.798552989959717
3.816759109497070
3.819543123245239
3.831751108169556
3.855620145797729
3.871556997299194
3.881798982620239
3.902730941772461
3.908576965332031
3.931638002395630
3.950570106506348
3.964824914932251
3.997581958770752
4.010565042495728
4.023565053939819
4.027710914611816
4.041872024536133
4.050843000411987
4.072556972503662
4.085860967636108
4.092787027359009
4.099607944488525
4.111958980560303
4.132637023925781
4.145571947097778
4.148564100265503
4.157597064971924
4.167690038681030
4.185571908950806
4.188564062118530
4.197565078735352
4.213627099990845
4.230595111846924
4.237574100494385
4.250622987747192
4.260848045349121
4.275557041168213
4.278546094894409
4.289678096771240
4.310554981231689
4.325575113296509
4.340631961822510
4.360558032989502
4.374616146087646
4.378591060638428
4.390658140182495
4.412554979324341
4.421873092651367
4.444653987884521
4.447562932968140
4.460870027542114
4.483618021011353
4.497635126113892
4.507762908935547
4.525603055953979
4.528553962707520
4.537579059600830
4.550732135772705
4.572754144668579
4.586836099624634
4.590563058853149
4.600865125656128
4.623573064804077
4.627748012542725
4.641880989074707
4.664946079254150
4.670773983001709
4.679779052734375
4.695904016494751
4.721753120422363
4.735695123672485
4.738567113876343
4.752571105957031
4.766751050949097
4.769693136215210
4.781769037246704
4.804587125778198
4.818572998046875
4.827564954757690
4.837655067443848
4.856575012207031
4.859563112258911
4.868674039840698
4.890572071075439
4.898567914962769
4.907565116882324
4.926670074462891
4.940629005432129
4.947565078735352
4.961607933044434
4.968563079833984
4.978641033172607
4.998582124710083
5.008666038513184
5.023847103118896
5.044589996337891
5.058576107025146
5.068660974502563
5.090575933456421
5.104582071304321
5.107564926147461
5.117705106735229
5.128612041473389
5.148575067520142
5.158668041229248
5.180585145950317
5.195580005645752
5.198729991912842
5.208584070205688
5.217688083648682
5.236786127090454
5.251575946807861
5.258566141128540
5.270838022232056
5.293640136718750
5.297624111175537
5.311643123626709
5.318567037582397
5.335591077804565
5.347574949264526
5.366576910018921
5.369570016860962
5.377594947814941
5.395589113235474
5.398565053939819
5.407591104507446
5.425579071044922
5.428569078445435
5.437755107879639
5.456578969955444
5.459562063217163
5.469676971435547
5.492574930191040
5.507688045501709
5.518567085266113
5.537575006484985
5.540561914443970
5.551839113235474
5.574590921401978
5.577594041824341
5.588580131530762
5.608561038970947
5.618845939636230
5.641576051712036
5.656574964523315
5.668797016143799
5.700597047805786
5.715654134750366
5.730710029602051
5.737565994262695
5.752586126327515
5.768618106842041
5.778667926788330
5.788820028305054
5.813702106475830
5.818566083908081
5.834599971771240
5.837690114974976
5.849729061126709
5.870762109756470
5.878566026687622
5.897572994232178
5.900710105895996
5.909815073013306
5.918642044067383
5.942589044570923
5.959574937820435
5.968637943267822
5.979629039764404
6.003582954406738
6.020730972290039
6.027600049972534
6.041860103607178
6.066582918167114
6.083575010299683
6.087607145309448
6.099575042724609
6.121572971343994
6.128566026687622
6.137567043304443
6.158591985702515
6.167629003524780
6.187576055526733
6.198620080947876
6.219572067260742
6.228594064712524
6.248683929443359
6.257755994796753
6.277621030807495
6.288567066192627
6.309576988220215
6.318691968917847
6.341575145721436
6.348567008972168
6.368571996688843
6.378662109375000
6.393844127655029
6.417555093765259
6.434582948684692
6.437724113464355
6.451803922653198
6.476624965667725
6.493572950363159
6.497602939605713
6.511846065521240
6.536653995513916
6.554615974426270
6.557565927505493
6.574589014053345
6.577574968338013
6.588627099990845
6.600836038589478
6.626577138900757
6.643588066101074
6.647603988647461
6.661844015121460
6.687577009201050
6.705577135086060
6.708573102951050
6.719738006591797
6.729733943939209
6.757615089416504
6.776608943939209
6.779566049575806
6.799708127975464
6.808628082275391
6.820837974548340
6.849581003189087
6.870599031448364
6.892576932907104
6.898566007614136
6.920576095581055
6.928622007369995
6.954590082168579
6.957566022872925
6.967622041702271
6.994576930999756
7.016576051712036
7.019571065902710
7.041572093963623
7.048566102981567
7.057584047317505
7.084635019302368
7.087711095809937
7.098568916320801
7.113842964172363
7.121843099594116
7.128837108612061
7.163576126098633
7.188622951507568
7.213580131530762
7.217638015747070
7.242784976959229
7.269626140594482
7.297583103179932
7.300560951232910
7.309638023376465
7.344629049301147
7.373650074005127
7.402571916580200
7.408577919006348
7.438575029373169
7.468606948852539
7.496706962585449
7.500560998916626
7.508587121963501
7.519711971282959
7.529710054397583
7.539931058883667
7.573761940002441
7.601576089859009
7.632580995559692
7.663571119308472
7.694751024246216
7.725577116012573
7.756696939468384
7.787575960159302
7.817577123641968
7.848566055297852
7.879585027694702
7.909698963165283
7.939715147018433
7.969682931900024
7.998634099960327
8.008662939071655
8.044578075408936
8.072576999664307
8.078742980957031
8.107723951339722
8.137615919113159
8.166743993759155
8.195569992065430
8.224600076675415
8.253576993942261
8.282572031021118
8.311576128005981
8.318562984466553
8.349565982818604
8.377660989761353
8.406713008880615
8.409728050231934
8.419719934463501
8.428692102432251
8.438705921173096
8.474576950073242
8.499655961990356
8.525576114654541
8.528558969497681
8.540812015533447
8.574635982513428
8.602576017379761
8.630581140518188
8.658640146255493
8.686574935913086
8.714587926864624
8.741575956344604
8.768584966659546
8.796607971191406
8.799565076828003
8.809680938720703
8.844643115997314
8.871577024459839
8.897625923156738
8.908571004867554
8.939691066741943
8.965702056884766
8.989610910415649
9.013567924499512
9.037727117538452
9.049715042114258
9.086575984954834
9.115576982498169
9.144581079483032
9.174577951431274
9.205577135086060
9.235765933990479
9.265794992446899
9.295762062072754
9.325753927230835
9.356605052947998
9.387634992599487
9.419714927673340
9.450576066970825
9.477574110031128
9.480561971664429
9.492799997329712
9.501794099807739
9.511877059936523
9.546602964401245
9.576683044433594
9.579561948776245
9.588670015335083
9.603758096694946
9.640625000000000
9.671571969985962
9.704782009124756
9.707592010498047
9.717776060104370
9.728549957275391
9.767554998397827
9.801574945449829
9.834705114364624
9.867568016052246
9.900573968887329
9.911792993545532
9.952739000320435
9.958559036254883
9.972552061080933
9.980997085571289
9.992882013320923
10.001869916915894
10.037600994110107
10.070572137832642
10.105577945709229
10.139562129974365
10.147671937942505
10.187573909759521
10.221574068069458
10.256595134735107
10.290602922439575
10.324774026870728
10.359643936157227
10.393573999404907
10.427577972412109
10.462568998336792
10.492710113525391
10.497565031051636
10.528579950332642
10.540650129318237
10.579558134078979
10.614566087722778
10.650632143020630
10.685605049133301
10.720572948455811
10.754914045333862
10.800558090209961
10.836575984954834
10.870568037033081
10.904603004455566
10.937552928924561
10.965600013732910
10.992630958557129
11.020610094070435
11.050554037094116
11.083729982376099
11.116601943969727
11.149569988250732
11.183560132980347
11.217724084854126
11.251553058624268
11.285686969757080
11.319674015045166
11.353641033172607
11.387552976608276
11.399667978286743
11.409675121307373
11.454563140869141
11.457549095153809
11.471557140350342
11.513571977615356
11.517714977264404
11.530568122863770
11.539556980133057
11.573559045791626
11.577865123748779
11.588572025299072
11.622580051422119
11.652697086334229
11.684606075286865
11.721550941467285
11.757611989974976
11.793559074401855
11.830605030059814
11.866647005081177
11.902555942535400
11.937551975250244
11.973572969436646
12.006573915481567
12.036710977554321
12.067558050155640
12.102555990219116
12.137606143951416
12.169795036315918
12.178786039352417
12.192992925643921
12.201797008514404
12.244660139083862
12.279556989669800
12.315578937530518
12.351622104644775
12.388612031936646
12.422614097595215
12.454579114913940
12.485754013061523
12.517573118209839
12.552551984786987
12.589626073837280
12.626663923263550
12.662656068801880
12.700561046600342
12.737782955169678
12.750708103179932
12.761764049530029
12.770745992660522
12.780745983123779
12.826575994491577
12.863711118698120
12.900618076324463
12.934572935104370
12.966576099395752
12.998558044433594
13.032558917999268
13.070554971694946
13.108576059341431
13.146574020385742
13.183570146560669
13.221602916717529
13.260555982589722
13.299572944641113
13.337825059890747
13.376708030700684
13.414637088775635
13.447577953338623
13.450604915618896
13.458643913269043
13.471971988677979
13.512625932693481
13.551573991775513
13.589573144912720
13.628575086593628
13.665575981140137
13.703580141067505
13.741656064987183
13.779562950134277
13.817570924758911
13.855592012405396
13.892553091049194
13.898639917373657
13.907680034637451
13.944683074951172
13.975611925125122
14.007560014724731
14.040552139282227
14.079859018325806
14.118622064590454
14.157630920410156
14.161549091339111
14.168599128723145
14.213614940643311
14.252556085586548
14.291557073593140
14.330555915832520
14.368575096130371
14.406578063964844
14.438619136810303
14.450828075408936
14.492799997329712
14.531635999679565
14.570559978485107
14.608690977096558
14.646592140197754
14.685559988021851
14.724592924118042
14.763577938079834
14.802575111389160
14.841567993164062
14.880589008331299
14.914564132690430
14.946736097335815
14.979694128036499
14.988858938217163
14.998667955398560
15.010807991027832
15.057631015777588
15.096568107604980
15.135571956634521
15.173666954040527
15.176567077636719
15.188564062118530
15.197566986083984
15.207700014114380
15.251573085784912
15.290619134902954
15.328593969345093
15.365615129470825
15.399718046188354
15.430556058883667
15.445857048034668
15.452847003936768
15.462786912918091
15.501557111740112
15.539580106735229
15.575577974319458
15.612574100494385
15.618739128112793
15.629573106765747
15.672574043273926
15.679563045501709
15.687561988830566
15.701787948608398
15.711843013763428
15.728817939758301
15.735785961151123
15.742782115936279
15.758794069290161
15.765779972076416
15.772768020629883
15.781871080398560
15.827574968338013
15.865610122680664
15.904652118682861
15.942568063735962
15.972573995590210
16.003719091415405
16.035630941390991
16.073562145233154
16.110552072525024
16.148747920989990
16.186572074890137
16.224575042724609
16.263598918914795
16.301716089248657
16.340574979782104
16.378577947616577
16.381667137145996
16.397794961929321
16.445642948150635
16.482573986053467
16.515558004379272
16.545571088790894
16.583580017089844
16.621582984924316
16.659575939178467
16.697572946548462
16.734571933746338
16.770633935928345
16.806569099426270
16.840595960617065
16.869554042816162
16.897558927536011
16.925575971603394
16.954663991928101
16.987566947937012
17.019554138183594
17.051553964614868
17.084598064422607
17.116728067398071
17.149565935134888
17.182554960250854
17.215707063674927
17.249568939208984
17.282602071762085
17.316560029983521
17.345905065536499
17.385577917098999
17.412583112716675
17.440561056137085
17.473575115203857
17.477752923965454
17.511557102203369
17.545623064041138
17.580574035644531
17.614609956741333
17.648564100265503
17.683646917343140
17.718590021133423
17.754601001739502
17.789794921875000
17.825681924819946
17.855888128280640
17.895658969879150
17.923677921295166
17.953638076782227
17.989573001861572
18.026576042175293
18.063559055328369
18.100610017776489
18.107567071914673
18.120861053466797
18.165580987930298
18.201627969741821
18.237762928009033
18.274569988250732
18.312572956085205
18.349573135375977
18.378579139709473
18.408572912216187
18.439569950103760
18.448624134063721
18.458656072616577
18.503628969192505
18.540712118148804
18.577584028244019
18.614624977111816
18.651581048965454
18.687698125839233
18.725624084472656
18.760574102401733
18.797567129135132
18.834609985351562
18.866625070571899
18.895622968673706
18.926574945449829
18.962551116943359
18.968563079833984
18.977626085281372
18.987713098526001
19.028619050979614
19.063575029373169
19.098557949066162
19.133564949035645
19.168642997741699
19.202574968338013
19.211812019348145
19.217756032943726
19.227579116821289
19.268573999404907
19.278662919998169
19.289829015731812
19.299725055694580
19.310938119888306
19.318675041198730
19.361607074737549
19.369807004928589
19.376842975616455
19.384150028228760
19.401149988174438
19.408842086791992
19.415857076644897
19.422776937484741
19.463560104370117
19.494688987731934
19.522671937942505
19.553617000579834
19.587584018707275
19.621906995773315
19.664593935012817
19.698766946792603
19.732604980468750
19.738560914993286
19.748546123504639
19.787578105926514
19.822634935379028
19.852731943130493
19.882818937301636
19.912706136703491
19.916747093200684
19.930799007415771
19.965575933456421
19.968662023544312
20.002727985382080
20.036756038665771
20.072562932968140
20.106569051742554
20.140635013580322
20.174735069274902
20.209610939025879
20.244579076766968
20.278568983078003
20.311552047729492
20.341651916503906
20.347615957260132
20.357557058334351
20.369568109512329
20.377699136734009
20.387601137161255
20.423658132553101
20.458559036254883
20.492752075195312
20.497546911239624
20.510752916336060
20.554589033126831
20.589574098587036
20.598823070526123
20.614952087402344
20.663779973983765
20.701672077178955
20.737574100494385
20.751769065856934
20.761785030364990
20.805736064910889
20.839558124542236
20.869621992111206
20.899549961090088
20.935614109039307
20.972554922103882
21.008556127548218
21.020671129226685
21.028630971908569
21.072574138641357
21.108556032180786
21.143671035766602
21.179558992385864
21.215578079223633
21.249870061874390
21.286572933197021
21.320574998855591
21.349550962448120
21.379693031311035
21.414772033691406
21.448615074157715
21.482557058334351
21.517579078674316
21.551693916320801
21.585761070251465
21.619770050048828
21.654612064361572
21.689810037612915
21.724569082260132
21.759742021560669
21.791779041290283
21.822567939758301
21.854562997817993
21.886699914932251
21.889755964279175
21.900572061538696
21.940573930740356
21.976691007614136
22.012625932693481
22.048644065856934
22.081572055816650
22.088551044464111
22.122677087783813
22.156721115112305
22.193740129470825
22.196568012237549
22.208570003509521
22.249572038650513
22.285573959350586
22.322560071945190
22.353681087493896
22.385597944259644
22.417576074600220
22.453581094741821
22.489561080932617
22.498729944229126
22.511779069900513
22.555568933486938
22.558596134185791
22.574167013168335
22.616573095321655
22.653581142425537
22.689619064331055
22.725616931915283
22.728547096252441
22.738593101501465
22.779663085937500
22.815577030181885
22.818596124649048
22.827651023864746
22.863578081130981
22.895564079284668
22.928606033325195
22.940628051757812
22.948631048202515
22.993685960769653
23.030560970306396
23.068692922592163
23.083811044692993
23.091799020767212
23.098941087722778
23.147615909576416
23.184749126434326
23.223655939102173
23.261553049087524
23.300571918487549
23.332556962966919
23.363579034805298
23.401556015014648
23.439764976501465
23.478554010391235
23.516614913940430
23.519616127014160
23.528674125671387
23.540846109390259
23.580627918243408
23.618552923202515
23.657557964324951
23.669879913330078
23.681797027587891
23.726711034774780
23.765797138214111
23.804589986801147
23.842678070068359
23.876579046249390
23.906566143035889
23.936568021774292
23.967580080032349
24.004573106765747
24.042552947998047
24.081676959991455
24.120558023452759
24.159909009933472
24.197749137878418
24.237661123275757
24.276579141616821
24.314579010009766
24.351613044738770
24.384577989578247
24.391549110412598
24.429552078247070
24.441785097122192
24.488568067550659
24.527729988098145
24.531866073608398
24.538624048233032
24.554865121841431
24.562037944793701
24.608622074127197
24.648710966110229
24.658659934997559
24.704612016677856
24.741583108901978
24.781559944152832
24.790704011917114
24.798571109771729
24.807723045349121
24.846576929092407
24.849561929702759
24.857711076736450
24.867806911468506
24.880798101425171
24.922557115554810
24.927755117416382
24.938573122024536
24.976576089859009
25.008711099624634
25.018563985824585
25.060571908950806
25.067727088928223
25.078550100326538
25.122591018676758
25.161557912826538
25.200559139251709
25.237553119659424
25.277578115463257
25.316573143005371
25.348573923110962
25.380733966827393
25.390789985656738
25.401768922805786
25.445569038391113
25.484585046768188
25.523560047149658
25.561559915542603
25.599555969238281
25.637552976608276
25.677582025527954
25.716576099395752
25.754730939865112
25.783565998077393
25.788558959960938
25.817558050155640
25.848627090454102
25.884634017944336
25.918555021286011
25.928673028945923
25.941852092742920
25.985558986663818
26.020565986633301
26.055706977844238
26.090548038482666
26.125555992126465
26.128595113754272
26.164885997772217
26.206571102142334
26.241564035415649
26.276566982269287
26.304795026779175
26.307666063308716
26.321809053421021
26.358572006225586
26.388677120208740
26.398571968078613
26.439572095870972
26.474571943283081
26.509572029113770
26.543586015701294
26.578576087951660
26.613719940185547
26.650622129440308
26.688771963119507
26.726746082305908
26.759701013565063
26.789556980133057
26.821748018264771
26.866738080978394
26.905611038208008
26.940555095672607
26.974663019180298
27.008634090423584
27.042618989944458
27.077738046646118
27.110693931579590
27.143682003021240
27.176561117172241
27.208550930023193
27.232554912567139
27.236738920211792
27.261551141738892
27.268558025360107
27.293570041656494
27.296566963195801
27.311725139617920
27.348649024963379
27.377613067626953
27.407582044601440
27.436772108078003
27.465577125549316
27.492572069168091
27.518561124801636
27.542675971984863
27.567625045776367
27.591567993164062
27.597573041915894
27.607568025588989
27.636735916137695
27.645808935165405
27.650735139846802
27.679562091827393
27.699588060379028
27.708676099777222
27.718796968460083
27.746577024459839
27.767599105834961
27.770550012588501
27.791571140289307
27.796777963638306
27.806621074676514
27.817625045776367
27.844654083251953
27.866573095321655
27.888576984405518
27.901627063751221
27.931572914123535
27.954622983932495
27.957548141479492
27.980705976486206
27.987565994262695
28.001811981201172
28.011874914169312
28.029782056808472
28.062638998031616
28.088557958602905
28.115565061569214
28.142575025558472
28.147622108459473
28.174754142761230
28.197638034820557
28.202563047409058
28.224787950515747
28.227649927139282
28.240776062011719
28.272556066513062
28.301830053329468
28.339662075042725
28.370665073394775
28.400572061538696
28.430640935897827
28.437551975250244
28.451780080795288
28.491557121276855
28.525646924972534
28.557733058929443
28.592550992965698
28.624572038650513
28.657727956771851
28.689718961715698
28.714616060256958
28.738654136657715
28.763679981231689
28.792551040649414
28.825612068176270
28.857851028442383
28.871850967407227
28.912553071975708
28.946639060974121
28.980579137802124
29.013621091842651
29.060573101043701
29.094578981399536
29.128552913665771
29.162572145462036
29.195718050003052
29.199572086334229
29.210865974426270
29.244589090347290
29.270569086074829
29.299554109573364
29.310786962509155
29.318604946136475
29.332081079483032
29.374586105346680
29.408720016479492
29.423732042312622
29.461554050445557
29.494573116302490
29.527575969696045
29.560678005218506
29.592576026916504
29.597568988800049
29.607631921768188
29.617674112319946
29.628549098968506
29.637566089630127
29.647711992263794
29.658585071563721
29.667562961578369
29.677561998367310
29.686566114425659
29.697575092315674
29.706566095352173
29.717566013336182
29.727561950683594
29.737561941146851
29.747632026672363
29.757655143737793
29.766574144363403
29.777585983276367
29.787557125091553
29.797550916671753
29.807569980621338
29.817569017410278
29.827569961547852
29.837563037872314
29.848562955856323
29.856565952301025
29.866758108139038
29.880842924118042
29.892092943191528
29.901850938796997
29.910843133926392
29.919842004776001
29.931842088699341
29.941112995147705
29.951843023300171
29.959846973419189
29.970843076705933
29.980118036270142
29.991962909698486
30.001846075057983
30.010842084884644
30.021841049194336
30.031111001968384
30.040841102600098
30.051841020584106
30.060842037200928
30.069844961166382
30.081798076629639
30.091118097305298
30.100939989089966
30.110929012298584
30.120841026306152
30.130842924118042
30.147849082946777
30.154767990112305
30.168842077255249
30.175842046737671
30.182842969894409
30.200786113739014
30.207840919494629
30.214859962463379
30.221776962280273
30.230870008468628
30.241857051849365
30.250860929489136
30.259861946105957
30.277872085571289
30.284863948822021
30.291861057281494
30.301918983459473
30.309864997863770
30.320861101150513
30.329862117767334
30.341149091720581
30.351860046386719
30.359868049621582
30.370857000350952
30.382103919982910
30.391860008239746
30.400861978530884
30.409865140914917
30.419914960861206
30.430845022201538
30.440115928649902
30.452842950820923
30.461849927902222
30.471862077713013
30.480840921401978
30.489840984344482
30.501956939697266
30.510843038558960
30.528845071792603
30.535841941833496
30.542779922485352
30.552853107452393
30.561856031417847
30.571111917495728
30.581843137741089
30.589839935302734
30.601855993270874
30.611793041229248
30.620788097381592
30.630816936492920
30.640924930572510
30.651813030242920
30.693562984466553
30.723572969436646
30.752572059631348
30.781556129455566
30.812567949295044
30.817548036575317
30.827628135681152
30.861557960510254
30.891649007797241
30.925566911697388
30.959568977355957
30.993559122085571
30.998589992523193
31.007565021514893
31.017611026763916
31.031781911849976
31.040777921676636
31.050775051116943
31.092574119567871
31.126560926437378
31.159558057785034
31.193608045578003
31.196715116500854
31.206601142883301
31.217667102813721
31.226566076278687
31.263767957687378
31.298573970794678
31.327557086944580
31.357552051544189
31.386615037918091
31.417572975158691
31.451767921447754
31.457571983337402
31.466653108596802
31.477576971054077
31.517597913742065
31.553614139556885
31.589574098587036
31.625672101974487
31.662573099136353
31.698626995086670
31.733572006225586
31.765658140182495
31.797800064086914
31.831676006317139
31.870552062988281
31.906769990921021
31.942563056945801
31.978598117828369
32.014796972274780
32.050594091415405
32.085617065429688
32.121614933013916
32.155771017074585
32.166880130767822
32.209594964981079
32.240593910217285
32.272608995437622
32.308567047119141
32.343765974044800
32.380568981170654
32.416618108749390
32.452567100524902
32.488579988479614
32.524574995040894
32.560559988021851
32.597618103027344
32.633615970611572
32.666625976562500
32.696780920028687
32.700562953948975
32.709645032882690
32.748610973358154
32.758661985397339
32.802573919296265
32.838704109191895
32.875577926635742
32.912554025650024
32.948574066162109
32.985580921173096
33.022557973861694
33.059576988220215
33.069735050201416
33.073631048202515
33.077597141265869
33.088629961013794
33.100013017654419
33.153569936752319
33.186698913574219
33.220575094223022
33.258569002151489
33.269725084304810
33.278798103332520
33.288651943206787
33.333579063415527
33.370589971542358
33.408556938171387
33.446571111679077
33.483748912811279
33.521584987640381
33.560558080673218
33.599574089050293
33.637720108032227
33.673557996749878
33.705568075180054
33.739578962326050
33.777558088302612
33.816694021224976
33.856573104858398
33.895580053329468
33.898587942123413
33.910871982574463
33.958558082580566
33.995579957962036
33.998662948608398
34.007578134536743
34.018553972244263
34.063595056533813
34.066564083099365
34.081843137741089
34.088851928710938
34.096848964691162
34.103817939758301
34.119790077209473
34.126857042312622
34.133862018585205
34.140842914581299
34.149842023849487
34.195584058761597
34.233593940734863
34.265728950500488
34.268541097640991
34.278563976287842
34.287606954574585
34.321726083755493
34.353569984436035
34.389558076858521
34.425661087036133
34.461556911468506
34.498561143875122
34.534873008728027
34.575693130493164
34.579548120498657
34.587543964385986
34.597548007965088
34.608557939529419
34.648675918579102
34.685579061508179
34.721573114395142
34.757715940475464
34.787583112716675
34.791564941406250
34.797732114791870
34.813847064971924
34.863573074340820
34.898574113845825
34.934942007064819
34.981833934783936
35.025576114654541
35.061583995819092
35.067563056945801
35.078573942184448
35.090738058090210
35.134573936462402
35.171591997146606
35.203573942184448
35.211565971374512
35.219766139984131
35.230845928192139
35.243845939636230
35.286581039428711
35.322556972503662
35.358622074127197
35.367573022842407
35.377695083618164
35.416696071624756
35.451568126678467
35.454549074172974
35.457545995712280
35.471846103668213
35.479888916015625
35.492850065231323
35.534625053405762
35.571583986282349
35.607576131820679
35.643558025360107
35.680608034133911
35.690844058990479
35.730572938919067
35.761558055877686
35.790684938430786
35.797564983367920
35.808582067489624
35.818779945373535
35.828618049621582
35.839843034744263
35.851887941360474
35.861841917037964
35.871799945831299
35.913722991943359
35.924803018569946
35.931911945343018
35.975579977035522
36.012633085250854
36.020616054534912
36.027562141418457
36.039572954177856
36.047565937042236
36.061631917953491
36.064930915832520
36.072874069213867
36.080932140350342
36.125606060028076
36.160625934600830
36.198575019836426
36.208620071411133
36.252557992935181
36.284565925598145
36.317595005035400
36.356568098068237
36.394074916839600
36.446548938751221
36.485568046569824
36.524563074111938
36.527554035186768
36.566597938537598
36.605590105056763
36.642750978469849
36.681849956512451
36.722639083862305
36.726684093475342
36.741791009902954
36.782827138900757
36.815560102462769
36.853625059127808
36.890568971633911
36.897567987442017
36.906568050384521
36.922884941101074
36.931885004043579
36.942167997360229
36.951812028884888
36.997604131698608
37.035577058792114
37.073574066162109
37.110831022262573
37.148582935333252
37.180557966232300
37.211707115173340
37.243643045425415
37.246551990509033
37.257575035095215
37.295568943023682
37.334588050842285
37.337549924850464
37.346713066101074
37.361912012100220
37.370798110961914
37.416585922241211
37.455616950988770
37.492583990097046
37.530568122863770
37.567574024200439
37.605579137802124
37.643569946289062
37.677572965621948
37.707567930221558
37.719743013381958
37.731714010238647
37.769573926925659
37.807729005813599
37.845655918121338
37.883594989776611
37.921574115753174
37.959572076797485
37.997640132904053
38.009794950485229
38.018707990646362
38.028657913208008
38.039660930633545
38.048685073852539
38.060814142227173
38.070799112319946
38.080832004547119
38.126702070236206
38.163633108139038
38.200613021850586
38.207548141479492
38.216553926467896
38.248578071594238
38.279680013656616
38.290893077850342
38.297685146331787
38.307719945907593
38.317552089691162
38.331768989562988
38.340745925903320
38.351763010025024
38.360743999481201
38.368752002716064
38.380082130432129
38.390784025192261
38.399841070175171
38.410794973373413
38.455611944198608
38.491619110107422
38.527574062347412
38.562552928924561
38.599573135375977
38.629575967788696
38.657660007476807
38.688563108444214
38.723757982254028
38.726743936538696
38.741547107696533
38.746137142181396
38.752761125564575
38.762893915176392
38.805577039718628
38.808696031570435
38.844576120376587
38.878618955612183
38.913624048233032
38.916609048843384
38.927742004394531
38.937587976455688
38.946691036224365
38.957576990127563
38.967554092407227
39.009575128555298
39.045279979705811
39.088757038116455
39.118547916412354
39.130800962448120
39.171567916870117
39.205619096755981
39.211609125137329
39.250602960586548
39.284621953964233
39.320595026016235
39.355838060379028
39.392578125000000
39.428708076477051
39.466627120971680
39.504576921463013
39.539616107940674
39.566591978073120
39.592649936676025
39.599807024002075
39.631555080413818
39.666564941406250
39.701817989349365
39.737555027008057
39.772555112838745
39.807559013366699
39.841571092605591
39.847571134567261
39.882673025131226
39.920561075210571
39.957556962966919
39.993566989898682
40.029602050781250
40.059821128845215
40.098556041717529
40.129620075225830
40.167701959609985
40.202559947967529
40.238551139831543
40.272686958312988
40.307557106018066
40.320716142654419
40.329761981964111
40.340842008590698
40.350858926773071
40.360800027847290
40.402559041976929
40.436573982238770
40.470722913742065
40.504560947418213
40.535594940185547
40.564778089523315
40.592757940292358
40.623562097549438
40.656556129455566
40.688653945922852
40.721729993820190
40.755558967590332
40.787574052810669
40.821577072143555
40.855577945709229
40.888574123382568
40.921561002731323
40.928631067276001
40.931545972824097
40.938657999038696
40.949661970138550
40.960971117019653
40.970780134201050
40.979779005050659
41.021557092666626
41.050667047500610
41.078650951385498
41.087815999984741
41.123584032058716
41.155575037002563
41.158576965332031
41.168659925460815
41.177751064300537
41.187575101852417
41.196568965911865
41.206783056259155
41.222789049148560
41.230813026428223
41.239787101745605
41.249850988388062
41.290611028671265
41.321574926376343
41.353729009628296
41.357562065124512
41.366549968719482
41.378579139709473
41.389812946319580
41.428573131561279
41.458837985992432
41.468655109405518
41.478641033172607
41.489879131317139
41.530573129653931
41.560688018798828
41.570640087127686
41.580801963806152
41.589779138565063
41.600904941558838
41.610865116119385
41.620787143707275
41.630861997604370
41.666644096374512
41.693629980087280
41.721557140350342
41.728544950485229
41.731545925140381
41.738719940185547
41.751784086227417
41.759971141815186
41.770843982696533
41.779779911041260
41.818711996078491
41.829788923263550
41.838705062866211
41.848629951477051
41.857748031616211
41.896575927734375
41.927557945251465
41.957574129104614
41.988573074340820
42.019573926925659
42.050554990768433
42.080574035644531
42.108804941177368
42.137578010559082
42.165611982345581
42.168560028076172
42.184764146804810
42.191726922988892
42.199696063995361
42.209692955017090
42.221796989440918
42.229808092117310
42.268680095672607
42.298624992370605
42.307616949081421
42.319931030273438
42.331850051879883
42.369574069976807
42.400624990463257
42.431572914123535
42.434560060501099
42.437562942504883
42.447854995727539
42.483603000640869
42.486763954162598
42.516574144363403
42.519731044769287
42.528576135635376
42.537764072418213
42.548622131347656
42.560789108276367
42.597640991210938
42.608705997467041
42.621880054473877
42.632545948028564
42.640782117843628
42.652781009674072
42.688574075698853
42.698662996292114
42.708676099777222
42.717714071273804
42.754590988159180
42.779735088348389
42.805616140365601
42.831568956375122
42.837567090988159
42.853825092315674
42.886629104614258
42.913857936859131
42.920772075653076
42.929815053939819
42.964584112167358
42.989599943161011
43.014629125595093
43.038619995117188
43.050796985626221
43.059793949127197
43.091728925704956
43.097573041915894
43.107670068740845
43.116637945175171
43.144573926925659
43.150610923767090
43.154613971710205
43.158599138259888
43.167597055435181
43.177600145339966
43.187598943710327
43.197598934173584
43.207628011703491
43.217606067657471
43.248611927032471
43.270600080490112
43.277617931365967
43.286596059799194
43.296587944030762
43.306561946868896
43.317580938339233
43.326748132705688
43.355642080307007
43.378701925277710
43.388622045516968
43.401783943176270
43.410782098770142
43.443620920181274
43.466592073440552
43.488578081130981
43.491560935974121
43.513595104217529
43.534559011459351
43.538566112518311
43.559714078903198
43.567853927612305
43.599709033966064
43.606619119644165
43.618619918823242
43.646563053131104
43.666686058044434
43.686558008193970
43.701779127120972
43.728610992431641
43.747559070587158
43.750551939010620
43.757713079452515
43.767560958862305
43.789552927017212
43.807554960250854
43.817945003509521
43.845577001571655
43.864660978317261
43.867617130279541
43.885607957839966
43.903734922409058
43.906567096710205
43.916611909866333
43.932985067367554
43.958557128906250
43.967622041702271
43.992558956146240
44.010555028915405
44.028585910797119
44.046554088592529
44.049546003341675
44.067554950714111
44.079936981201172
44.107573986053467
44.125558137893677
44.142622947692871
44.160568952560425
44.167572021484375
44.183018922805786
44.207574129104614
44.224626064300537
44.228563070297241
44.237715959548950
44.259721040725708
44.277578115463257
44.291847944259644
44.316585063934326
44.319566011428833
44.336576938629150
44.339561939239502
44.347566127777100
44.358736038208008
44.384583950042725
44.401581048965454
44.407655000686646
44.420809984207153
44.429886102676392
44.439803123474121
44.450042963027954
44.475670099258423
44.491621017456055
44.497585058212280
44.506777048110962
44.526576995849609
44.529566049575806
44.537585020065308
44.556787967681885
44.570843935012817
44.596580982208252
44.612591028213501
44.618618965148926
44.637598991394043
44.652719020843506
44.676584959030151
44.692671060562134
44.696762084960938
44.710839033126831
44.735635995864868
44.751577138900757
44.757561922073364
44.768569946289062
44.788669109344482
44.797831058502197
44.819705009460449
44.835577011108398
44.838568925857544
44.848576068878174
44.868624925613403
44.876589059829712
44.887598037719727
44.907716035842896
44.923581123352051
44.926636934280396
44.941755056381226
44.947731018066406
44.957571983337402
44.977582931518555
44.988775014877319
45.012577056884766
45.027708053588867
45.038712978363037
45.062572956085205
45.068589925765991
45.079841136932373
45.104660987854004
45.119688034057617
45.127772092819214
45.148581981658936
45.156717061996460
45.174576997756958
45.190577983856201
45.198617935180664
45.206726074218750
45.218765974044800
45.227777957916260
45.251572132110596
45.257725954055786
45.272722005844116
45.276765108108521
45.292572975158691
45.296653032302856
45.307564973831177
45.316755056381226
45.337577104568481
45.353842973709106
45.375579118728638
45.390650033950806
45.398566961288452
45.416711091995239
45.419562101364136
45.428750991821289
45.451601982116699
45.457566976547241
45.468625068664551
45.488631010055542
45.498673915863037
45.521578073501587
45.536903142929077
45.551764965057373
45.575621128082275
45.590762138366699
45.597687005996704
45.608680009841919
45.631572961807251
45.646736145019531
45.657577991485596
45.676912069320679
45.692589044570923
45.697569131851196
45.711585044860840
45.731575965881348
45.746637105941772
45.759836912155151
45.783575057983398
45.798603057861328
45.807713985443115
45.830601930618286
45.837563991546631
45.852576971054077
45.856676101684570
45.867563962936401
45.887594938278198
45.890622138977051
45.898639917373657
45.919790029525757
45.927617073059082
45.947708129882812
45.958718061447144
45.979668140411377
45.987569093704224
45.998716115951538
46.019684076309204
46.034615993499756
46.047580957412720
46.062566041946411
46.082562923431396
46.095619916915894
46.108555078506470
46.118581056594849
46.135584115982056
46.150725126266479
46.157731056213379
46.172672033309937
46.187659025192261
46.198815107345581
46.222572088241577
46.226732015609741
46.241714000701904
46.247566938400269
46.256565093994141
46.275676012039185
46.291702985763550
46.297572135925293
46.312577962875366
46.316725015640259
46.330843925476074
46.354726076126099
46.357602119445801
46.372576951980591
46.376652956008911
46.387567996978760
46.396703958511353
46.417572975158691
46.426568031311035
46.445622920989990
46.448565959930420
46.461575031280518
46.482795000076294
46.498727083206177
46.509653091430664
46.529609918594360
46.536752939224243
46.550842046737671
46.575581073760986
46.590687990188599
46.606585979461670
46.619764089584351
46.629739999771118
46.654577016830444
46.670572042465210
46.677623987197876
46.699713945388794
46.715587139129639
46.718734025955200
46.727659940719604
46.746737003326416
46.750564098358154
46.757571935653687
46.775588989257812
46.787568092346191
46.807620048522949
46.822771072387695
46.837574958801270
46.855672121047974
46.868576049804688
46.871572017669678
46.877614974975586
46.888610124588013
46.911575078964233
46.915673017501831
46.927576065063477
46.947577953338623
46.962723016738892
46.967566013336182
46.976666927337646
46.987575054168701
47.007781028747559
47.018912076950073
47.042621135711670
47.057698965072632
47.073578119277954
47.088748931884766
47.092589139938354
47.096663951873779
47.107568025588989
47.127573966979980
47.138569116592407
47.157840967178345
47.173588037490845
47.189580917358398
47.197572946548462
47.211569070816040
47.232576131820679
47.238564968109131
47.256608963012695
47.272557973861694
47.276677131652832
47.289556026458740
47.297558069229126
47.306546926498413
47.325662136077881
47.328680038452148
47.337595939636230
47.356578111648560
47.359565973281860
47.367577075958252
47.386557102203369
47.389545917510986
47.397555112838745
47.406546115875244
47.426574945449829
47.429574012756348
47.445589065551758
47.448565959930420
47.463618040084839
47.466566085815430
47.477846145629883
47.492151975631714
47.515574932098389
47.531574964523315
47.547574996948242
47.563835144042969
47.586575984954834
47.589560985565186
47.597566127777100
47.616626024246216
47.619575023651123
47.627583980560303
47.646575927734375
47.649564981460571
47.658565998077393
47.677647113800049
47.688714981079102
47.712584972381592
47.716659069061279
